2500
2
19.487
-6.287881 2.645925
-0.2744704 6.637637
-2.251828 -0.4328811
-2.260348 7.045365
-7.163861 -0.1213093
-6.843446 4.529415
5.318016 -4.326489
-2.808737 6.840117
-8.030742 -0.715536
6.476591 -3.444977
1.659471 3.513281
-7.474994 1.29448
-1.102372 -5.159749
3.937601 -6.790104
5.335284 -6.465194
-7.160446 -0.2490494
-0.4745869 -5.539813
3.576488 -6.76286
0.4296379 3.500164
6.020886 -1.607686
-6.886885 1.626455
2.377683 -7.170316
7.344007 -1.722786
3.815308 -6.70589
1.566502 0.7879164
-2.595053 7.090698
-4.033185 7.361959
-0.3686156 -6.884759
7.364665 1.929525
-0.107335 -6.286532
-2.594574 7.276262
1.863916 5.270966
-4.223103 6.114081
7.032675 -3.638575
-6.817603 1.749057
0.6114844 4.611996
-0.8395043 7.904275
7.629331 0.6923911
0.08883214 5.519304
4.761541 -7.135863
3.920103 -7.238282
3.445021 -6.977709
-1.424284 7.790974
-7.325657 3.078509
2.850356 -6.773893
3.583454 -7.117452
0.9445879 3.294539
-7.03807 2.582085
-3.91197 -0.4070317
-5.29026 4.014887
-1.054538 7.66685
3.259682 -1.438109
1.202698 -7.61007
3.876545 -6.567499
1.466349 0.5250078
2.25139 3.478649
2.503286 -7.736768
-1.077903 -1.397054
-2.053559 7.573422
8.198544 2.107395
-3.058479 8.064753
-0.0718974 5.532715
0.9866913 -7.099762
3.465581 -7.179277
7.024973 -3.953678
3.966305 -7.23648
-5.667549 5.575315
3.473987 -7.214676
1.76852 2.308845
-1.063872 -4.535184
4.427478 -6.173169
1.62425 -0.5376748
-2.483945 7.378398
-6.846586 3.772401
6.206211 -2.454334
8.08272 -0.6409445
-0.5004848 6.319784
1.337668 -7.434586
0.7799298 3.116241
6.616384 -1.137627
6.855497 -3.0875
1.504098 4.538512
-3.227619 6.877145
-1.813949 2.607137
-1.134553 7.046208
0.6400608 -7.242326
-4.745179 6.109164
-0.04837907 -6.342352
5.627529 -6.486109
7.282444 -1.938783
-2.149074 -0.8813329
2.933239 -7.639321
5.765545 -5.933384
-5.642486 4.600468
-6.616866 3.211929
-4.911697 6.655948
-4.832904 7.166277
-3.167712 7.10895
-5.21352 3.980049
-3.027878 1.880608
-2.727384 0.8831685
7.537381 0.1199204
-1.116531 7.678909
-0.1973589 6.535316
7.679369 -0.2924097
1.542936 -7.661734
2.73628 -2.139513
-1.70964 2.570063
-2.839614 8.237797
-6.063021 4.444445
4.575721 -7.284743
-4.497252 6.82326
1.911991 2.056585
-2.342638 6.382974
-3.419786 7.577457
0.1556065 5.82227
-4.393408 7.113756
-1.139366 6.128321
4.674495 -6.065071
-8.417669 -0.8847793
-0.4828177 -5.905932
-1.600197 -5.478918
5.520109 -6.153615
1.873805 0.2611518
-0.391175 5.626346
-4.969466 5.374489
1.374078 -6.561607
3.175076 -6.224887
8.662923 -0.2161561
-0.9412213 -5.196258
7.055487 -0.3889691
-6.008797 3.2104
-1.262874 -5.476717
0.8286683 4.287877
-5.711964 6.416118
5.319747 -6.160238
-1.125226 7.04315
4.470889 -7.75077
-6.519597 -0.7648267
-5.428752 6.379406
1.104195 1.776462
7.692558 0.6123538
5.827788 -5.952354
-1.350401 -1.880793
-7.07472 0.0253165
7.839232 0.5938802
4.950519 -8.079892
-0.5478194 6.459662
-1.883486 -2.127223
0.2097521 -6.362479
-0.2542354 5.083308
-7.328834 -1.39936
-4.641765 6.400596
2.320282 0.623389
-1.544399 -4.749497
-1.483516 7.289655
-6.016109 3.996357
6.261218 -4.589423
6.685635 0.1550904
2.339288 0.8702558
5.960003 -5.629443
-3.319727 8.196404
0.1245787 -7.058037
-0.8053832 -6.0189
3.864229 -7.489541
-7.15227 -0.3667607
1.333717 -7.984835
-3.030941 7.407
-6.337055 3.081725
2.084558 -7.02968
-1.384711 6.698285
-2.637767 2.580701
7.279901 0.136494
4.853506 -4.953968
-2.926978 -0.6782724
4.662695 -6.614889
-0.6283804 6.9207
7.856824 0.442121
-1.927024 -2.913209
-0.859156 -4.343064
-7.963101 0.5302318
7.660528 0.5806594
-7.633375 1.005354
6.636412 -2.173225
1.964378 -7.077971
6.864491 -0.730655
4.064497 -7.255597
-7.928536 -2.479666
0.6461454 -6.915038
7.80605 0.609431
1.840866 -7.243044
-3.718346 7.911868
1.623298 3.364043
7.892166 1.816951
7.330995 -0.5925943
-0.4084806 6.872385
-1.12945 -5.963395
-0.6363216 -3.861826
0.6012519 5.550152
6.031833 -6.005027
-2.686344 2.210592
-6.884868 2.75024
-0.4209787 -4.632999
-1.870991 7.714462
5.546528 -5.72054
-6.834137 -1.75919
-7.764006 -0.6547865
7.606051 1.237673
1.120358 -7.164021
-7.384567 0.02307055
8.023863 -2.600857
-5.390779 5.089928
-2.312842 -2.284389
-6.459702 4.289151
-2.550231 -3.263878
0.3930042 -6.916598
-3.141168 2.677037
7.303672 -3.117292
-3.03371 7.12802
0.7922499 -7.291177
-1.732944 6.468305
1.346657 0.1839065
5.724395 -3.544714
-0.9107116 -5.954699
-1.142343 0.1858355
-7.34999 0.6820749
-4.019082 7.50294
-6.35695 3.125069
-3.529038 7.644572
-7.043119 -2.967705
4.165536 -4.212606
-3.878754 7.249656
-1.590055 -0.06315032
6.677655 -3.006098
3.039122 -6.41358
4.228795 -7.10452
-0.9730473 -2.973699
-4.420567 7.664504
0.3020369 -6.625978
4.230337 -6.947195
-5.285893 6.481096
0.2872405 5.893331
-2.081386 -1.32329
4.642984 -7.175756
1.368133 -7.024695
1.535012 -7.956039
-4.772234 6.41777
0.5220913 4.065381
6.351672 -4.697517
0.6067763 4.64379
2.979086 -7.559902
-0.9228191 -5.878003
1.659274 1.058432
5.369515 -4.223428
-5.775434 5.479423
3.705937 -6.845535
-5.397027 3.939877
1.171285 3.760854
4.788854 -6.7292
-2.34965 7.773515
-2.28477 7.957683
-0.9929528 -4.897493
0.6242415 -6.536664
2.741062 -0.4727254
-2.384971 -0.01188472
7.111558 1.282877
-7.174221 4.654172
-2.025929 -0.3300888
-0.7404221 -5.214236
-1.605441 0.4963202
-0.8905478 -5.349006
-1.657688 -5.335171
-2.600077 7.286233
-6.183958 4.944379
-1.383823 7.160255
-8.096786 -2.489065
2.285192 2.141525
-8.065705 -0.8222476
3.765329 -6.794502
6.280466 -4.266388
-4.655199 6.891964
6.522548 -0.7823651
-6.347998 3.378015
-5.585569 5.470374
6.815572 1.629833
7.131256 2.933507
3.167014 -1.636409
5.352374 -5.341808
4.473947 -6.113927
1.680286 -7.638483
5.25938 -5.983778
1.480836 2.626253
-4.429971 5.776972
-1.547843 7.013706
-1.694639 7.429533
-1.816178 -1.137262
5.604668 -6.630452
2.291028 -7.287879
-0.9002889 8.197479
-6.092503 5.383872
-4.022552 6.772552
-0.2683221 6.786951
6.285919 -3.050314
-4.332369 8.244495
-7.226634 0.9138212
-1.930597 7.059829
-5.648202 4.990158
-6.367797 1.272051
-1.997228 1.141434
-4.630055 6.509992
-0.7709613 -6.085509
0.2835338 5.626238
-2.282427 0.3938475
-0.1837347 6.608838
7.390205 -1.075019
-3.327168 6.865153
2.499176 2.719349
5.461226 -5.661661
-2.659026 7.6763
6.623235 -5.080746
-5.25753 6.501226
-6.656543 2.29399
-0.5451698 6.733009
-1.035403 7.16882
-6.079895 2.760745
-1.790089 -3.934887
-1.98385 -2.523141
4.547817 -6.724892
3.178758 -7.410818
0.5332262 -6.686216
3.99703 -6.818741
4.232101 -6.245371
-6.377487 3.642642
-6.924088 3.144637
2.118398 2.102916
0.948966 2.945252
-6.770772 3.517967
-7.978574 -0.4393319
0.5284199 -6.653228
1.325221 -7.852728
1.150347 -6.974822
-1.448783 -4.123497
-7.329675 1.40402
-2.05934 -2.748695
0.7195649 -7.372961
1.158628 4.264768
7.27189 -2.139286
4.057132 -7.081971
-0.5804889 -3.739632
-1.753057 -4.221201
-6.83993 2.779715
5.403725 -6.511761
-2.160595 7.57016
2.554283 1.221264
-7.367622 -1.612132
6.202628 -1.752305
1.785337 4.328137
5.57474 -4.215441
2.720958 -0.1951192
3.418827 -7.190242
-2.137079 -2.4698
2.600936 -8.305995
-3.88894 7.276416
-0.01325838 4.809473
-6.494187 3.186343
0.4739659 -5.621464
1.656974 1.151466
-0.9658606 6.937536
-3.230124 0.0855961
-5.529374 6.321326
-2.269409 -1.803103
-1.814974 -1.293602
-4.175057 6.275684
-1.202334 -4.032388
1.017211 4.223522
5.180597 -5.498934
-0.1566126 -5.503748
1.904185 2.627926
5.940387 -4.961803
-4.850047 4.151712
0.6378709 -6.138878
0.7169174 4.794833
5.349712 -6.34876
0.7979209 5.141352
0.1976023 -6.681571
3.777515 -7.882143
0.7594285 5.022078
7.451442 2.349444
-5.11948 6.787943
6.215836 -4.190991
-1.45452 0.3028931
-3.908876 5.450966
1.938315 -7.553206
0.4996711 -5.698479
2.678817 -7.185808
0.2825225 -6.158746
2.694111 -0.3841667
-3.024886 0.5049421
-1.335378 -3.417454
2.134064 3.588383
-7.21892 -2.534027
5.962953 -6.72702
1.552608 4.270536
-0.880274 7.967798
-0.672115 7.738886
-1.546753 -5.285739
-6.023155 5.169237
7.43671 2.422558
-6.567442 1.700866
3.003029 -7.440804
-2.465127 -1.98208
-2.195238 -3.013447
6.294718 -3.485003
-2.329748 7.299659
-3.77078 6.378535
-0.1818206 -6.267771
0.5157488 3.200211
1.607788 -7.429835
7.60011 -1.886426
6.935834 -2.71771
-5.921295 3.544842
-3.027581 6.756446
-2.811066 6.837755
1.124859 -7.242065
5.228082 -5.532331
-4.763258 6.871512
1.499499 -1.53426
-2.182772 -2.183804
-0.6269602 6.563634
4.931412 -6.333783
4.203126 -5.631433
-6.716859 4.403953
4.631254 -5.210505
-7.659105 -1.514523
-2.100241 7.535866
-0.9367954 -4.398724
7.565003 0.345489
6.025287 -4.943149
-7.789556 1.512377
-4.266057 6.105018
7.214202 0.4685186
-3.324963 8.19418
-1.716875 2.187469
0.8855979 5.666727
-3.024144 6.048174
-4.716201 6.387228
1.20964 -7.263001
-6.170897 3.235289
6.730412 -2.771846
0.474262 -7.273137
-6.96602 3.83757
0.9804284 4.956658
-1.423322 0.1175548
-6.170133 -1.880211
5.248011 -4.840129
-0.7010214 -5.607829
-5.729518 5.427411
5.420192 -5.653483
-2.478726 7.438121
-1.408014 0.564419
5.973208 -4.079039
1.643497 -7.176575
1.035172 -8.232605
-3.135248 1.589363
1.344075 3.564997
-7.401733 2.236176
-5.162601 6.160922
1.937697 1.359033
2.673216 -0.1049137
1.247255 4.880457
-8.404092 -1.754001
2.020473 2.833889
5.350959 -7.280746
-8.143308 -1.773465
-6.822331 2.351356
-1.243107 -2.628061
-0.3531607 -4.739075
-0.9498163 -4.950869
-1.966644 7.491566
-5.470142 6.235697
-4.85014 6.744088
-0.5067855 -5.591758
-2.726059 7.692415
7.089163 -1.168797
6.758917 -1.848253
3.894644 -7.442701
0.9217186 -6.783589
-3.140204 1.183137
-3.003987 6.706439
3.128604 -3.225179
1.825493 2.545941
-0.9493721 7.557442
-1.680809 -4.13468
-5.002515 7.284009
6.591738 -2.864082
2.147461 -8.107652
2.938296 -7.362216
-3.01895 7.742788
-1.696784 7.762641
7.53369 -0.4199357
2.013141 2.391013
0.1606634 -6.679974
-5.542235 4.9518
-1.944319 7.996305
6.532056 -1.335952
-2.486721 0.8627252
1.917403 4.069412
6.230962 -5.242809
-1.100066 -4.083868
-5.668646 4.760081
2.237194 1.001099
5.715867 -5.823784
2.533415 -7.534103
1.174848 1.644975
2.904567 -7.660083
6.586551 -2.528193
-5.181872 4.944548
-7.702875 0.3308417
4.052244 -6.637891
2.454513 1.881708
1.715762 0.7587565
-5.37073 6.320538
8.525495 0.9540786
-3.130196 3.330013
2.610046 -7.836143
2.586466 -0.354268
-1.902623 -3.950812
0.1762873 -6.451766
-3.172457 7.745331
6.228069 -1.420613
0.07409333 -6.868771
6.961389 -2.273313
-6.958935 -0.4708577
-0.4630452 6.303435
4.580266 -5.839031
0.4715103 5.796964
-3.318844 8.18342
-7.395722 -2.569313
-0.4489911 7.576696
6.194332 -3.011507
6.397825 -4.51822
4.176362 -6.437701
7.774313 -0.3300196
1.124168 -7.459467
-1.912341 -2.745147
7.818218 -0.06554774
-6.917155 1.860533
6.846967 -4.554439
-1.241441 -3.536657
1.377516 3.958394
2.593809 -1.907732
-2.561373 0.153702
1.375626 -6.607293
5.140368 -5.897449
4.504881 -6.727469
3.483776 -7.988748
-1.303613 -3.291473
4.009102 -6.287198
-4.067516 7.247671
-5.134669 5.178547
4.322805 -5.966425
2.537137 -1.900412
5.418277 -6.068348
-3.198199 7.55512
6.492522 0.2548849
4.65676 -6.496009
-6.998503 1.340988
2.130298 -1.235444
-4.637345 7.008024
2.324318 -1.000426
-6.251859 3.35281
7.239957 1.990268
2.117541 2.945514
-4.251435 6.6485
6.208733 -2.951454
-0.5264605 -5.507906
-2.093226 -0.1286343
-7.672082 1.047666
-4.909766 4.388482
-6.589427 3.482202
-2.109279 0.1047095
1.94409 1.227573
-7.753551 1.660854
2.575697 -7.444639
-2.039317 -0.2613412
1.007952 4.392722
5.845859 -5.025575
-7.255306 -0.5214164
3.408659 -7.038998
-0.09183534 5.762029
7.195738 -3.741942
0.1813023 5.851541
1.129764 2.515185
4.23373 -7.832279
1.148387 2.707308
-6.696145 2.410887
-1.61875 -2.191599
-2.314064 8.986949
6.914564 -1.893449
-1.182586 7.523449
-2.182712 -2.200907
-7.389141 -0.8080011
-4.3319 6.751551
6.677587 -0.7717427
-0.5658399 -5.415555
-1.521671 7.344316
2.10868 -0.1034836
3.305873 -7.463457
2.584317 -7.474865
-0.05674379 7.1321
-0.4102201 6.242715
2.447459 -0.2756199
-2.217632 1.010721
-2.847756 7.292864
-1.493953 -3.620223
2.690523 -2.964939
-7.348911 1.689244
0.7377346 5.742656
5.008047 -6.235195
2.051134 -7.243304
-1.402954 -4.268726
0.592613 4.842157
-7.160599 0.1549418
-7.04188 -0.58739
6.289806 -4.234166
-6.459843 3.982834
1.593987 -6.913468
-4.90896 6.30638
4.578461 -7.109086
-0.3176192 -5.400841
-2.799785 -0.09608131
8.046268 1.913096
2.138947 -7.428997
-3.112053 -0.2352432
1.929558 2.5707
0.3254083 -6.12493
0.5412858 4.248997
-6.703559 3.671789
5.260767 -4.785396
6.686841 -2.337894
2.81708 -1.705015
2.332677 2.234469
7.433196 1.777272
-6.235957 5.849903
7.014248 -0.6427412
1.63642 -7.466558
-1.62983 7.833595
-7.378153 -2.989259
-4.473278 7.000643
6.822456 -5.103352
-0.7255107 7.282257
-7.245713 2.135288
-0.8040863 -6.087292
2.82936 0.3559312
-0.03717377 4.588368
2.288148 -0.02170848
-1.763233 7.401197
2.337421 1.763235
-7.145631 0.8624663
-0.007832774 5.191736
-1.265063 -4.142307
1.284814 -1.635409
2.489839 -7.172465
0.802492 2.731324
-2.779692 7.164745
4.236602 -7.227266
7.820481 1.304621
-2.01835 -1.040862
6.007894 -4.94417
0.06286009 6.028885
-4.581385 6.778983
-2.860576 7.20301
-4.975615 5.298256
2.569705 -2.601092
5.949348 -2.637345
3.98031 -5.927714
-3.095376 7.233387
-7.41817 -2.035024
-0.4912616 5.567145
1.205828 1.401835
-1.976341 -0.6462857
7.290005 0.7282744
-7.347794 -1.017502
6.829229 -4.510962
7.688293 -0.8267604
-0.3771844 7.150232
-4.818846 4.692956
-1.811626 -4.078137
5.302085 -5.141663
-2.38475 -0.3160719
5.001604 -6.726497
4.978016 -5.932201
-2.296306 7.37783
7.52616 1.932859
7.170274 1.061619
1.114337 2.804502
-2.478305 7.62326
5.609861 -4.768751
-1.341412 1.064022
-7.019182 4.038363
3.109628 -7.523274
-6.745973 2.194371
-0.1580276 7.108316
1.32126 1.719279
0.7132051 -6.994921
-1.96555 7.622095
-3.602058 7.695123
0.02016291 4.24478
-5.350271 5.171837
1.930708 2.774158
1.354468 -6.904304
-7.75777 1.138583
-7.562501 -1.777361
-1.589245 7.734547
-5.646762 5.76037
-1.190316 6.773141
-7.231685 3.725693
0.8632634 4.861603
-7.181226 -0.2716006
-7.714728 -1.195826
6.845398 1.60121
-7.518409 1.629741
-1.632022 -2.506608
-1.901721 -0.02463061
0.6074977 -6.67051
-7.894021 -1.326898
2.255011 -7.134411
5.515371 -5.05736
-1.643368 -0.647818
0.1333051 7.032187
-7.402836 -1.468922
-6.408245 0.5484979
-6.18199 4.569876
6.551677 -4.893194
-1.727457 0.589748
-4.477202 6.059019
0.08199213 -4.898882
-2.961408 6.98309
0.7176837 3.658682
2.169191 4.016105
6.890106 -2.237243
-1.412548 -4.331921
8.09293 3.254972
6.119883 -2.331293
4.455502 -5.825372
-6.361209 2.770553
1.082664 -6.619591
-0.7469083 6.759866
-6.717079 3.912025
2.763268 -6.253788
0.5191781 5.90701
-1.939052 0.8060085
-0.9950525 7.342237
1.932407 -6.954463
0.6198573 -6.266895
1.798105 -6.567096
-1.936987 7.26702
0.5469385 -6.120592
0.2687532 5.103894
1.829537 -1.201408
5.761442 -6.026589
-2.943501 7.700385
2.445569 -2.671903
1.820964 2.254888
3.952158 -6.13527
-3.676622 7.608757
-1.491727 2.220108
-5.371393 5.32986
7.488568 -0.3469044
-1.890168 7.187494
-7.069201 -1.5507
3.124202 -7.478361
7.832797 0.9587051
3.221033 -7.607266
4.009111 -7.552999
1.818203 0.9990108
7.156757 0.7252942
6.481698 -3.179884
2.203512 0.7634254
6.937541 -2.882535
6.883086 -0.9257491
-2.22022 8.205728
0.8699896 5.562295
-1.912655 -1.117943
4.17211 -6.727614
-2.082845 7.798199
5.773834 -3.430242
5.252736 -6.28378
2.005744 -0.8849006
3.599755 -7.495174
1.3392 4.80884
7.185078 -0.88024
0.6329541 3.43698
-6.642659 3.807631
-0.04765538 -6.047728
-1.505628 -4.090024
2.004141 -8.265393
-2.339631 -0.5615185
-1.625084 7.684211
2.490592 0.3182667
0.3938863 -7.080652
-3.189407 -0.0656854
-5.853582 3.350579
7.690093 0.9059797
-7.546735 -1.832551
3.035293 -7.20858
7.243881 -2.202789
-2.732278 7.893152
-1.747311 0.6051098
5.552627 -6.191464
3.95908 -7.097067
8.028568 2.073253
2.790815 -1.03601
2.037938 -0.8257402
-0.3317617 -7.195097
6.899306 -2.945048
5.551566 -6.168973
7.825354 1.033469
-5.863838 4.697074
6.521362 -2.80375
-0.06831301 -6.113607
-0.0997922 -5.456303
5.269024 -5.40009
-6.997034 2.064429
0.4951238 5.390781
-1.729346 7.945703
-1.76358 -3.328261
-6.996816 -2.407976
1.72525 4.356627
2.173046 3.990811
0.8817846 4.18465
6.266578 -5.104115
-1.95864 -1.417155
-2.862319 0.7813987
-3.4723 8.232004
6.946814 0.949854
-0.4782655 6.478603
1.116327 4.069906
-2.820538 7.79326
-5.930413 5.07585
3.182983 -7.224115
8.460012 2.094414
-7.202527 3.14697
-7.032123 -0.5725719
-1.910623 -2.801941
1.18421 3.592672
5.414845 -6.349376
0.7482264 6.162854
2.798307 1.085114
-5.815875 6.30259
-4.009511 6.930457
-0.3889294 7.624033
7.510005 -1.892927
-2.273186 7.514267
3.662253 -9.029687
1.204283 -5.187403
5.73783 -2.814882
7.549613 1.427017
-7.139251 -0.09852537
-1.849482 -4.353718
-7.070017 2.956248
-0.8663617 6.680391
-4.674868 6.076429
0.9236192 -6.15466
-7.354429 -2.426134
-6.924226 -1.300736
5.970278 -6.051663
-0.1494703 -4.951455
0.6635202 -6.478142
-2.322876 -0.09051178
-6.909579 1.387487
-7.413362 0.8227758
2.497046 -7.775745
-3.108278 7.116609
0.9395095 -6.167279
-2.014394 1.708592
6.028335 -4.405994
-5.283155 5.583982
-6.758917 1.348239
-1.759058 -3.699206
-3.553344 6.751322
2.949756 -0.2677704
2.699694 -2.99308
-2.052253 7.048194
5.623087 -6.265256
7.483439 1.023438
-7.654468 -1.074794
5.022788 -5.552804
-1.564095 -2.445176
2.164876 -7.67047
-0.05886335 -6.975573
5.823635 -6.429822
5.813428 -3.859696
-7.022504 2.749516
6.924769 -2.40297
-6.127389 0.619064
-7.827651 -1.404967
1.291516 -7.035193
-3.281604 7.12287
2.054967 -1.599989
0.6662391 6.534111
-5.972302 4.632477
1.882909 1.909307
2.012867 0.4108105
-1.737289 -3.274278
4.891401 -7.565859
6.589385 1.48738
1.458195 4.996577
0.9986969 -6.539521
1.313262 5.182794
7.063334 -3.995531
-0.01975196 -7.400495
-1.86413 -2.097441
2.066401 0.9508152
1.660135 -7.763641
8.370156 1.311656
0.3432079 -6.819098
7.248181 0.3247583
2.481143 1.002533
0.8274013 -5.963896
-4.45895 6.493979
4.51041 -5.366123
-1.327033 7.092797
-2.000171 7.283946
-6.137615 2.566461
-0.768461 7.347743
0.2851538 5.911027
0.05189779 -4.995402
-2.480061 6.36253
2.517944 -6.920537
-0.6390255 -5.566953
-4.325842 6.430291
1.782222 -6.810181
5.732382 -5.759881
-3.098326 6.789357
2.489363 -7.386445
6.092345 -5.707998
-1.945529 7.661303
5.332245 -4.28428
3.190244 -7.085272
5.422951 -5.319345
-3.665862 7.327102
-0.1246826 -5.667359
0.156024 -7.308713
-4.365428 5.941762
-0.538626 -5.733211
-1.974108 7.97558
2.837579 -7.23952
1.527212 0.6466327
-2.574853 6.424766
4.438467 -6.472855
2.368892 -7.726547
-6.614282 0.7583921
-6.759767 -0.4213384
-4.452138 7.399032
2.368136 -7.85088
-2.588796 1.193873
-2.707773 0.8394196
-5.531196 5.353228
-1.806908 1.576034
-6.670049 2.191964
-0.2812483 7.051864
-1.920837 -3.158306
2.011818 1.435054
-1.965904 7.855478
2.447397 -7.05181
6.175788 -3.801823
-2.191926 0.7854246
-6.213478 2.376377
6.655036 -1.620115
-2.129824 -0.8410277
2.316514 1.571077
-7.24127 2.755459
-6.633886 0.916604
-1.945343 -3.778529
-1.830669 -2.360078
0.6829476 3.731397
-3.213092 7.227736
-0.6160999 -5.542641
2.888222 -6.285295
-6.799681 -2.432196
-3.975988 6.983611
-0.04779821 6.021634
1.103721 5.124376
1.327484 -7.571176
0.2480987 -5.718117
1.702726 -8.541983
-6.634944 0.08872468
-6.78957 1.344697
-2.376167 7.234556
-1.66227 -1.407971
-7.060407 -2.479069
-0.7845814 -5.934733
-6.727911 0.8123222
0.176157 -7.0842
7.020619 0.6701125
0.2616962 -7.457642
-1.151135 8.490754
-3.32502 7.684429
6.445209 -4.755025
-1.296571 7.562391
6.995461 -1.360989
-2.979812 6.043563
-2.004717 7.425138
6.261516 -6.847523
7.917953 2.063547
-0.617645 -5.10465
-6.744778 -0.3721733
-3.514059 6.389625
7.474902 1.562769
-0.6009051 6.26804
-0.2572037 -5.842853
-0.487938 -5.629374
2.416913 1.052542
0.7708765 3.870741
-2.787834 7.82592
-4.665666 4.156653
-5.912392 5.656695
-3.558972 7.972305
6.537964 -1.695257
-3.842722 8.028643
-1.564132 -2.953511
1.152278 -7.010875
-1.401914 7.560584
-7.316891 0.9577465
-6.839739 2.371681
-5.758244 4.219182
5.380023 -6.008512
-1.933499 1.656478
-6.366475 1.976658
-7.796212 -1.904201
-5.92753 4.585772
8.072636 0.7651209
-0.7416523 -5.550321
-2.040791 7.634676
-2.90235 1.925276
3.380873 -7.355407
-4.896273 7.050804
2.523678 -1.001061
-3.753719 7.886731
1.363024 -3.318897
-1.244333 6.274885
-2.192288 1.438256
6.801482 2.60246
2.589058 -6.763996
-2.765176 -0.04437869
6.893421 0.5113391
-0.8964122 6.873728
-4.692491 5.869697
-6.505769 3.075449
-4.156062 6.406324
-5.575021 3.602966
2.178102 -6.48527
7.960567 -1.504188
3.404751 -7.0567
-2.712417 7.220616
-1.751302 6.921774
-7.358371 1.473111
2.135606 -7.110532
1.513583 -1.282404
2.733433 -7.145447
-5.139109 5.768154
-5.203525 6.228883
-2.209765 1.171297
7.133308 -1.213851
-1.387636 -1.405837
6.768301 -1.864073
-0.4812141 -6.255659
2.224433 -7.235021
3.559376 -7.476698
-0.6279089 6.720276
6.743224 -2.785516
-0.4550132 -6.217331
5.112679 -5.933491
-3.169297 -0.6998634
-5.805056 4.426717
7.792222 -0.5839552
1.771329 0.6382492
-0.9277956 -4.67931
-2.48944 1.207206
2.766255 -6.899221
-7.024052 1.765414
-7.364094 2.810803
-4.213993 6.336622
-2.074778 6.513
2.701936 -7.27783
-1.836572 7.79102
6.860929 1.003283
-2.670534 7.47581
-2.573334 1.840338
1.397308 2.182752
1.088353 -7.589822
4.36305 -7.152418
-1.484489 7.703221
-7.4502 -0.01337489
1.734842 2.312719
-2.524717 1.637
1.947927 0.5387606
-6.671771 3.435581
2.097409 0.5634395
-4.183178 5.282195
0.720692 2.977732
-7.6206 -2.006173
0.789053 -6.747016
6.749121 -3.363724
0.8211744 -6.957822
5.041194 -6.574119
6.642186 -5.349002
7.205087 1.614508
0.792887 5.929874
-5.22836 5.488143
1.633579 -6.400029
7.374302 2.14522
-7.143633 1.06186
5.919796 -4.232501
2.416227 0.8832584
-1.749965 7.201111
-1.94582 -1.053967
0.1363538 -6.576721
3.540339 -7.090155
-1.103363 6.342608
0.2588739 6.868854
-6.36103 3.205785
-2.443194 -1.31817
2.371429 -7.192209
2.633515 -6.753171
1.516243 1.772835
2.029963 -1.626312
1.969853 -6.712703
1.730502 -0.4756225
6.024218 -4.065769
8.160626 1.536535
4.947229 -4.647403
-5.746905 3.80518
-0.8761849 7.19217
2.167508 3.163862
-6.333125 5.626644
-2.228608 0.6011672
1.987745 -1.822002
-2.604499 -1.883091
1.499005 -7.721452
4.479261 -6.755079
1.414375 -7.053817
2.723387 -7.502043
2.965593 -0.07505378
2.706883 -1.010346
-2.076142 8.061772
0.2900797 -6.848343
6.851283 -2.452056
-7.431016 3.02993
-6.486065 -0.1642939
-7.271657 -1.656542
6.652343 -4.651554
-4.567283 6.232063
-0.6132625 -3.483867
-0.6998882 7.348249
-2.550967 -0.2565138
1.567433 -7.782394
0.7757125 3.868302
-6.54101 2.634908
3.715406 -7.869173
6.079666 -3.998769
-0.8301027 -4.673816
-3.897198 1.570749
6.732152 -3.049074
-1.791032 -1.566066
-1.504238 -4.253827
-6.499167 -0.6754071
-7.453919 -1.506548
-4.452386 7.568744
-1.084487 -3.958079
2.452233 -0.447207
-2.23288 0.5631568
-0.8156254 7.016618
0.9990267 -6.968817
3.831395 -7.506185
5.611588 -3.847328
-0.8312635 6.26385
-1.421826 7.121882
-0.6952969 -3.939551
6.590282 -1.639808
5.611356 -4.563877
1.744651 3.630722
0.9519144 -7.560669
-3.492781 7.366758
1.204354 4.249236
-5.619702 4.450313
7.962176 0.8214856
-1.679388 -4.197435
-0.6744737 -4.482996
1.487902 -6.529993
0.2091495 -6.87329
2.701143 -7.764614
-0.6241029 6.781779
1.989149 2.556613
2.333533 -0.8601018
1.686151 3.253392
-0.3228091 6.005772
1.178398 1.568679
-4.365571 6.49686
-0.188857 -4.483284
1.098381 3.198311
2.012707 -0.5623281
0.08899286 4.55957
6.331381 0.7312254
1.682366 4.908975
-5.017267 6.865985
-6.283764 5.834741
1.71467 1.495265
7.178852 1.427267
-3.49426 1.074412
-5.535668 4.816799
4.127014 -6.781293
-2.172732 2.28004
3.500151 -7.924624
-1.859362 -3.03254
7.915559 0.5035873
-3.003783 8.39958
-1.514834 -2.844913
4.076286 -7.075159
-0.3303743 -6.878053
4.856732 -5.181948
2.212868 -7.889814
5.177496 -4.034112
3.410574 -8.062651
-1.750101 -4.303143
7.49888 0.5565384
-0.9053413 -6.19183
1.137565 -8.093465
3.783788 -7.376257
-2.77306 2.097543
-1.869779 -2.491968
0.9985273 2.414544
1.429086 2.729039
-2.141175 1.249377
1.325441 4.30379
2.462002 0.7028268
0.627867 -7.292221
-1.857396 -3.968764
7.425797 -2.28724
-2.649944 7.031403
7.422696 -0.2602084
-2.960006 1.554126
-2.876967 1.424972
2.221015 -0.2958862
-2.573133 7.482589
4.917218 -6.768793
7.770697 1.888952
0.04632718 -5.37198
5.23861 -7.01257
-6.319668 4.194523
3.32779 -7.993379
1.953153 -7.417526
-2.109943 7.83934
2.076997 3.014931
-3.976828 7.232973
7.398279 1.077127
-6.297847 5.165978
-2.287928 -2.103167
-2.08355 -0.4091431
-3.601639 7.248623
7.565716 -0.005666868
1.52629 4.140057
-0.3829586 -5.13127
0.2644828 4.447862
-7.017095 3.381618
4.476253 -5.927258
-0.3575322 -5.096089
3.356882 -6.544187
-3.878374 6.491838
2.924582 -3.071131
-3.531239 6.868249
-3.377538 -2.003476
7.293428 -1.945312
7.949486 1.417885
7.932072 -1.561266
4.759611 -6.515508
-2.020883 1.709127
0.719193 -6.009966
-1.853221 6.929052
-2.295906 1.109367
-7.435103 0.4570011
1.218667 3.727082
0.9403754 5.000331
7.377573 -3.048571
-2.564254 -2.479728
-2.53797 1.562994
-0.5936585 7.018424
-1.619451 -2.21575
-2.50978 -0.330491
2.877306 0.8912303
7.641259 -1.410187
-7.816751 1.956153
4.166236 -6.952365
4.805691 -6.009382
2.408489 -1.208544
-5.464378 4.661543
-5.173794 7.15554
-1.78623 7.538111
2.635248 -0.1496195
-3.332812 7.354223
0.8864899 1.46139
2.07252 -7.30732
-2.410203 7.268602
3.244751 -8.429437
-1.955138 6.638894
4.648567 -6.586468
-6.433158 0.296863
2.524074 -1.312887
-0.3055677 6.587945
-3.256615 7.288788
-0.2089552 -6.600913
-7.932366 -2.069703
1.68859 0.855138
8.134803 1.051371
-6.469929 2.654182
3.444712 -7.250765
-0.9940052 -5.151663
-3.013853 1.492027
1.103012 -6.829951
-0.6239215 -5.105326
5.932269 -3.657249
0.1903542 -5.796028
2.734932 2.450032
-2.779001 -0.1103652
7.228853 2.360778
-6.620743 3.108475
-5.054919 6.537376
-7.449096 -1.296923
5.416265 -6.165204
-6.752178 -1.475358
-4.025056 6.780195
-5.670783 2.494566
3.168829 -7.276148
2.479516 -7.208299
-1.101534 -2.651049
-2.189941 1.727458
5.411786 -6.447103
-2.739756 6.876485
2.634554 -0.7118711
2.359924 1.956408
-6.152898 5.257649
-1.562245 -2.01691
3.000885 -7.227414
0.120794 -5.743542
-2.357177 -1.512723
0.4116593 5.419523
7.365454 -0.4192612
-4.500302 5.310056
-7.655357 0.9641323
-8.317259 -2.302728
1.700228 -0.5971209
1.782946 -7.284054
7.020501 1.014074
-0.1622754 -5.222627
0.7375595 3.456592
1.650929 1.889642
2.310117 4.036516
-5.037626 5.020308
-6.668807 3.098805
4.387508 -6.652506
0.03825859 -5.627977
0.1207634 6.612222
6.613078 -1.730747
-0.9978658 -2.813984
-0.9980568 7.886729
-1.343166 -4.464258
1.863257 4.744422
1.085685 -7.649789
-0.9751009 -4.053154
1.824932 4.099808
-2.994488 2.549431
-1.725079 8.074129
2.464425 -6.868288
-0.02196793 5.603881
6.759818 2.168478
2.58279 -6.883002
1.509152 4.862921
-2.523244 -2.232568
0.3301198 6.283876
-2.118978 3.282705
5.318108 -4.865386
3.179083 -0.02859139
-6.572971 3.024047
5.29069 -5.203914
5.147814 -5.068047
1.162134 -5.653516
-4.592651 6.364766
-5.234434 5.575654
-3.345761 7.718489
5.713709 -5.561308
-0.2160872 -6.311384
7.733719 0.8457308
-4.854001 7.223198
-0.7263015 6.27036
2.832153 -0.6376383
-4.006583 6.168037
5.336209 -6.934888
-8.091398 -2.493974
4.113604 -8.171597
0.0426354 -5.952612
-1.805932 7.510997
-3.857304 7.697448
7.516912 -3.171072
-1.985345 2.583984
0.6182266 -6.455501
-0.2348095 5.035067
-5.871945 2.874663
-4.905198 4.798157
6.112298 -5.684086
2.185578 3.496932
-4.719672 6.473623
-1.812286 6.978297
0.7929561 -7.447
-7.480007 1.236138
-1.400051 -4.280352
2.387744 -1.895039
-1.264633 6.200814
-3.235778 6.821875
-6.525656 0.9159496
1.742602 1.649717
4.676849 -7.352876
3.300858 -1.337255
1.237885 4.715713
-7.745749 -1.650615
7.7166 -1.848113
-3.900046 6.919298
-7.339141 2.415998
-0.7231308 -6.231576
2.171041 -8.068069
-6.48137 2.503428
-6.971683 3.312528
-3.912145 5.784431
-5.113262 5.872033
7.436564 -1.848019
-3.730201 6.515776
6.348509 -2.793032
3.290658 -1.542526
-5.270684 5.810656
-5.359724 3.484937
-2.510421 -1.937158
0.3093109 -7.588312
-5.762452 3.730352
0.1611373 6.222731
7.328538 0.6278855
6.743384 -2.177643
7.297305 -1.912867
5.349294 -5.600661
-0.8673443 -5.489279
-1.007533 -4.673262
-7.634873 -1.858608
1.451461 0.4041483
0.08846577 -6.209116
1.63207 -7.329312
0.8502345 3.350169
-1.748004 -2.493477
-2.104365 6.752168
3.692732 -5.98144
1.383639 3.726046
-2.78818 -0.7824919
2.798712 -1.144329
4.490971 -6.887596
5.246046 -6.389471
-6.999066 2.975362
2.196997 -2.386711
-2.767439 7.479808
-0.03970968 6.866465
1.510389 -7.053887
-6.97938 -1.251419
5.489112 -5.280531
-6.338732 5.540788
2.552008 -7.823252
-4.749733 5.611063
-2.251653 7.856812
5.449867 -5.392318
-2.489642 1.395872
-1.39168 7.171855
2.021816 1.984779
-4.396908 5.311758
5.932386 -4.68815
2.582776 -1.236274
7.376713 -0.3903318
-3.120229 7.796881
-1.970136 1.320025
0.2835288 5.3973
-0.6850808 -4.76258
-2.230728 -2.678315
7.214497 1.453437
-5.117373 5.739693
-1.642614 7.523074
-3.059014 7.401031
-5.718695 6.497225
-3.055832 6.962448
6.023474 -4.960585
-4.23329 6.050644
-1.023945 6.379603
-8.059557 -0.02078625
-6.197479 3.684286
4.416916 -7.022645
0.3532467 5.84407
2.866977 -7.244245
-6.550458 4.66998
1.985129 -0.4877466
2.587485 -7.662253
2.194702 1.413057
0.8666535 5.382593
8.02693 3.470968
-7.695309 0.2171882
-6.627467 2.334472
2.520272 -7.367014
-7.780914 -1.805072
8.248609 1.305106
-6.944848 -1.128088
2.203281 -7.00598
-7.837048 0.8641373
5.559304 -5.960401
4.694417 -7.752661
5.238387 -6.335172
-0.3392606 6.563654
-5.884862 5.962868
2.407816 -2.10549
1.242468 3.928325
4.901017 -7.057271
-1.92553 -4.701112
-1.392704 8.006073
-6.589492 0.8435597
0.9961007 -7.55404
7.574871 1.913907
5.24275 -5.909724
-3.772188 7.143507
-1.480488 7.420574
-1.975498 7.81555
-5.663892 5.287572
7.592226 1.252957
1.127897 -6.566742
-4.914003 5.79812
2.588213 -7.471292
-1.466219 5.788998
-1.103639 8.019318
-1.548972 -4.221035
-2.414808 6.696681
5.70668 -2.35404
1.520659 -7.567503
-6.96647 1.693504
-1.669513 7.441918
-1.956608 -3.223069
-1.71039 6.604343
-3.20872 -0.02567596
6.296927 -5.00346
-8.823258 -0.6921397
7.486486 -1.884683
-1.431006 -3.534342
0.3319676 6.47414
-2.009306 -2.43939
1.603863 -7.212018
-0.5623587 -6.666934
-7.16225 -0.5082614
-1.585247 -6.006184
0.8845475 2.351397
7.296659 -1.612359
-4.505993 5.772213
1.577971 2.740372
4.72811 -6.907395
0.4960049 -6.607222
-1.706681 8.600503
-2.104867 -2.663715
-5.010537 5.602746
-3.533892 7.251464
-0.5874531 6.099233
-1.044884 -3.149516
1.901393 -7.160634
-2.191078 -2.493017
5.102634 -5.750174
5.787011 -2.833442
-4.176649 6.156132
0.5198338 -5.87295
0.4245254 3.671829
-0.271513 -6.55394
3.932905 -6.993613
0.5354824 -6.204761
-6.025247 4.743701
-1.561078 -3.458425
3.521206 -2.612003
-6.706606 3.93307
6.196213 0.8481914
-0.4095133 -4.953413
-1.145621 -1.950031
0.8484523 5.103175
-0.8530344 6.827199
-1.593452 -1.170337
3.781064 -6.025178
-3.789898 6.88106
4.158141 -7.13457
2.200791 -1.783976
-1.773239 -2.174873
2.594396 2.169425
0.3655922 6.482492
-2.650055 2.348619
2.912362 -0.1726726
6.484169 -5.116534
0.6613828 -6.88329
0.179062 4.137755
0.7897693 3.806052
-2.461689 0.7963048
-1.099319 6.574104
4.37038 -6.944601
-1.87008 -1.28904
7.548621 -1.338793
-0.9242511 7.136148
7.874441 2.648362
-1.266108 6.978328
-8.064079 -2.155618
-7.392261 4.504852
-3.345286 1.966248
7.172493 1.234147
2.507876 0.5511011
7.300731 0.2641311
1.996413 -7.772548
1.792967 -7.11263
-0.4706386 -6.678113
2.423427 -0.1351424
-1.268014 6.624032
1.587607 4.547161
-2.965785 7.123011
1.731395 2.002402
-5.396517 6.475831
0.1127792 6.684188
7.786634 2.512307
1.842426 0.4500005
-2.982891 0.8336527
-0.3051623 -6.295824
0.5203356 -6.388215
8.241184 1.700476
-1.024136 -3.628012
7.324688 -2.365559
-7.249864 1.806016
-2.911812 2.575883
-7.93927 -0.2891539
3.41775 -7.520662
6.260466 -3.594841
2.765699 -0.4999859
-4.667507 7.729176
0.07693872 6.16087
-5.160415 5.68907
5.495505 -5.301966
1.733237 4.035193
-0.2621524 6.066498
-5.571048 5.271893
-5.146556 5.608766
-5.216753 6.123062
-0.6226582 6.794381
-6.338859 3.983387
-5.242912 3.104323
-0.6155328 7.69449
4.610626 -7.084815
-7.164113 -1.681571
-0.898061 -5.941891
7.397279 1.947648
2.024773 -1.187235
-0.7686679 -5.567971
1.616191 4.603485
4.00435 -6.84458
0.7542621 2.970482
-6.427161 4.855372
6.298216 0.6162793
-1.482957 -4.467629
6.863723 0.07088627
-2.793412 -0.3156473
-0.5202309 7.543209
-1.657425 -2.870575
5.397703 -5.471306
-0.9886868 -4.501402
7.907451 -2.808611
-7.108362 0.7493759
1.280232 -7.98083
2.453572 -7.928769
-8.144655 -0.09430127
2.677875 -7.624961
5.613047 -4.118506
-5.02651 5.3795
5.3857 -6.57096
1.895985 -0.03634748
-4.135814 7.066457
0.4143502 -5.615466
6.378543 -0.7742503
-3.77347 7.21306
6.494496 -0.3673479
-6.110474 5.579663
-6.029382 5.012125
-1.937205 8.090383
-6.841344 3.198969
-1.06295 7.239118
-7.620749 2.581577
-0.09793082 7.354633
6.879426 -3.596233
-0.634123 7.007138
-4.869333 6.12553
1.36099 3.664283
-0.6182081 -3.180809
-6.643341 0.4214537
1.171901 3.27754
1.543654 -7.338159
-2.46364 -1.620165
2.769425 -6.94383
-0.8206137 -2.645576
1.091173 -6.436955
-3.368357 -0.233786
3.376151 -7.36067
3.886724 -7.444688
-4.982341 6.206974
1.123905 3.663055
-0.5220527 7.298138
5.548652 -6.486989
1.096759 2.882564
6.367805 -4.297663
0.9680843 4.318384
3.639379 -7.055367
-3.68933 6.936263
-0.6239355 -5.929483
1.892844 1.781484
2.996804 -7.42269
6.844125 1.928998
1.282608 -6.764922
3.520522 -7.951125
7.623573 1.140778
1.18642 3.111655
1.404365 2.90918
2.304559 2.285493
6.880921 2.100546
3.937147 -7.935643
-1.294059 -1.698192
-5.111175 6.233927
5.334826 -5.630334
0.07121891 -5.122651
2.324967 1.654364
-5.359773 4.16294
-1.250399 -4.023257
-2.165615 -3.247358
1.015554 4.827216
-0.8467633 -4.023722
-1.446031 7.288614
7.452425 -2.259844
0.5244262 -6.778055
-2.819038 1.965485
-7.481872 1.372753
-6.958357 -0.3052637
-5.721238 7.01738
-1.958756 7.189847
0.6458883 6.268224
7.149488 -2.422066
-1.184119 -3.840862
3.976127 -6.572138
1.681098 3.682236
6.947025 3.00983
-7.204999 1.92359
3.005754 -1.909883
2.824958 0.3944807
7.173696 -0.2883344
-1.125484 -6.316392
6.267425 -0.2100789
7.785055 -0.6517579
2.290747 -0.6219235
1.554359 -7.191427
6.547627 0.2990014
1.12753 4.863958
-1.508311 7.832994
-7.10073 5.565865
-1.623576 7.789066
-7.246781 -1.18197
3.197062 -6.740161
1.215992 -7.553359
-7.22603 -2.794676
-3.326152 7.502394
-0.602475 -6.642421
-7.382517 0.5583625
-2.339431 6.826612
2.000361 -1.696797
3.415186 -8.039782
-7.264745 1.650221
-6.35423 2.462925
-3.193915 6.252374
1.995401 -6.390517
5.45506 -3.827921
2.662242 -7.991115
-0.9539068 -5.062709
0.9762341 2.251733
1.909 0.2138222
6.405801 -3.98614
1.362417 -7.514454
-0.3037162 -4.56024
5.892788 -5.778063
5.100069 -5.426904
-3.328404 9.160257
4.183889 -7.16058
1.659519 4.201424
2.751584 -7.62855
-7.208149 -0.9561251
1.44866 4.145193
2.357191 3.63043
7.569415 0.0945555
-1.085615 -3.748819
-3.582955 6.966496
-7.476489 -1.580537
2.163956 -0.9156128
2.116874 0.5975845
2.27942 3.918502
4.098931 -6.997028
-2.405033 -2.899851
7.110532 0.4254816
-0.3076344 -5.091788
-6.246597 4.590296
1.290453 3.720198
-7.386913 0.7428876
4.773377 -6.518077
-3.696585 7.459567
-1.128537 -2.812198
-5.989636 4.737912
1.986723 -7.571788
5.280194 -5.166521
4.205977 -6.835928
-3.996786 7.151227
1.875169 2.794906
-6.416386 3.718137
-0.0857217 7.012144
2.131848 2.588302
-0.8303336 6.584591
1.26773 4.061818
-2.145695 -1.360182
0.8742483 0.87002
-1.610614 6.972259
0.8427756 3.537841
0.2859387 4.830918
1.903628 3.269035
-2.034479 -4.105556
3.125284 -8.241876
6.496325 -0.8472246
-7.260148 -0.8610546
7.019405 0.7057516
2.077937 -7.223763
-5.259311 4.332127
7.238752 -1.108481
-2.852054 0.9831683
5.151032 -6.689394
-5.828557 5.462015
-2.245142 -1.359344
7.04974 -0.7666712
4.44564 -6.001083
1.357732 4.951543
0.2525851 7.017521
2.969181 -7.883525
-6.329456 2.065882
-4.326001 7.306802
0.8985756 4.519191
7.324328 1.242742
4.913044 -5.494082
4.99813 -6.899881
2.84439 0.2332846
-4.998778 6.382309
-1.919072 -0.6838281
5.921801 -5.933366
6.741705 -3.086779
1.192614 4.705175
-7.530993 -0.1888095
-0.04005285 -6.55711
1.886707 -7.769133
0.545004 5.146913
5.349942 -6.16187
0.1199292 5.655137
2.716308 -7.809695
2.387145 2.199116
-4.709857 5.813394
-2.638597 1.859019
1.949796 5.417023
-2.528873 2.308019
8.373574 -0.2095996
-0.4595473 -5.70706
1.057687 4.269
-4.677524 6.436648
5.672266 -5.014786
1.887054 -7.525909
2.322008 3.202975
3.78461 -6.733054
-5.59848 5.810284
5.78485 -4.844411
5.282445 -6.189732
-0.9903567 8.089529
-1.098999 -4.324986
-0.5427356 -3.843951
0.9063106 3.312332
-6.423735 -0.09392663
-2.025066 -1.335013
0.9709221 -6.256555
-0.8480949 -3.690413
0.4823217 5.100943
0.4727339 -6.696338
-0.3482199 -6.280615
-2.546571 -0.3315281
8.251185 -1.119041
7.234635 1.135444
2.877684 -1.565098
-1.412883 -3.00988
4.853868 -5.632875
-1.845345 -1.220622
-0.9777084 -4.264401
0.1165578 -5.258509
2.650917 -0.8455968
-0.776981 -5.510167
0.07058427 5.836631
1.352219 3.313417
3.919942 -6.870429
6.925479 -0.3181548
0.6849094 -6.960776
0.5277778 -7.571468
-2.503781 1.011101
-0.1502394 -6.457515
-2.25968 -1.281181
0.8396119 -7.298231
-5.656943 4.677951
1.198751 4.220868
-3.533989 7.085253
3.082336 0.198702
3.99653 -7.17484
0.2549445 -6.401874
2.022016 -1.529888
-1.371773 7.625126
6.042211 -5.308519
-1.876037 -3.290311
-6.319394 3.282829
-3.09732 7.31255
-3.749267 6.560411
1.798032 1.449593
-1.033049 -4.984981
1.68647 4.017141
2.072953 2.308576
-0.07841183 7.336295
1.475288 -6.142694
-2.142317 -2.076606
3.76799 -5.966158
6.863512 -2.05228
-0.2584737 -5.679117
0.7262658 6.072121
1.884041 -8.03877
-6.984696 3.713861
-6.054968 3.001135
2.062486 -8.647294
-1.926998 -3.071205
-1.68063 6.901433
1.655669 0.2046845
7.468296 0.3574506
-3.886719 7.43952
-2.081798 7.943626
-7.600333 -0.6452674
0.7596359 -7.292987
4.538232 -6.583949
1.521801 2.652946
-6.690984 2.170844
6.141554 -2.337252
6.593648 -3.452566
-6.593323 -1.507735
-0.06877984 -7.054421
-2.315605 -0.657454
-6.241036 4.658736
5.922895 -5.379646
4.170524 -6.782817
0.4518414 4.214807
-0.7878575 6.754845
0.5508354 -6.305527
6.057612 -3.705936
-5.831945 6.014771
4.530134 -6.185021
0.9522243 3.795968
4.515956 -6.793352
-7.050575 1.387348
6.551788 -2.979196
-2.878916 8.268954
0.6363608 -7.703924
-2.488402 7.461779
0.7904158 5.633384
1.052299 -6.894022
6.905732 0.3488229
2.466507 -7.881132
5.946701 -3.622554
-2.404462 6.348683
5.9478 -4.475331
-5.82309 5.959826
3.758824 -7.84638
-7.054614 0.8250752
-5.611671 5.100685
6.272525 -3.31895
-0.9764328 -5.034963
-7.462685 2.214005
-3.102395 -1.927865
-1.898083 -1.719681
2.970761 -7.549213
-2.445544 -0.5576596
-1.132088 -3.495947
5.633164 -5.358542
-1.196462 -5.304949
1.554543 -6.27527
0.2719941 5.708584
-0.3717404 6.624099
-7.516279 -0.545139
-5.706697 5.618872
2.150249 0.9078021
2.728944 -0.4172156
4.225031 -6.452497
-2.672871 7.800087
1.816904 -2.36286
3.525718 -7.174018
2.832489 1.427149
5.92372 -4.446655
2.660832 -0.3677241
3.335135 -7.86447
7.258646 -1.230852
-1.162677 -2.051089
-2.141456 -0.9493219
-0.2546508 7.358683
2.489376 -2.57509
-6.101726 5.205199
-1.574984 6.579371
-0.3270531 -6.311702
-7.251561 1.062994
2.362824 0.9738739
3.100806 -7.888319
2.563934 -1.431485
-2.159251 -1.523214
-5.518381 5.170391
2.512073 -6.828371
0.7981616 4.446604
-3.546946 7.22473
-0.3318749 7.049084
6.381119 -1.354015
4.784812 -6.099174
-1.007601 -4.471853
-4.65461 7.078408
7.489416 -1.711604
1.078819 5.157685
7.056901 -0.4137635
-4.96947 6.099004
-3.682914 7.094449
-5.699333 4.675966
-7.067218 3.240737
-2.195205 1.146649
-0.0823207 -5.379181
1.41599 4.302278
0.9816461 4.881275
-0.560814 6.830556
7.116583 0.6887794
7.784938 1.149163
1.372272 -7.445917
-5.845191 5.573021
-5.724556 5.571398
4.985298 -4.875991
-5.416628 6.332521
1.644574 -6.914592
6.415237 -5.754587
4.411768 -5.958773
-0.1818388 6.016315
3.219292 -7.670203
-6.516933 3.950092
6.152923 -4.640087
-3.558896 7.808637
-5.258211 6.207632
5.842391 -4.475897
4.749029 -6.329615
-0.6120235 -5.928181
-4.696446 7.034302
-1.421977 -4.182825
-6.50383 2.441963
-0.06657698 -5.376185
-0.1337803 -4.650427
1.328394 3.209615
-2.652915 6.772873
6.187658 -5.829623
-7.624175 0.9537068
3.948348 -6.206952
3.044916 -7.423153
7.607137 -1.112094
-2.599269 7.603384
-8.442872 -2.272009
3.969132 -7.201679
-7.734871 -1.696767
-4.621166 6.70399
6.507169 -3.371857
1.162201 5.327133
1.023998 -7.18637
-2.049018 6.288844
-2.420049 8.220619
-3.995345 7.702658
-2.238498 -2.354534
7.852888 0.07528981
-4.035692 6.74782
-0.7162833 -5.048832
5.124672 -4.788021
-4.490062 6.304576
-0.9726782 7.319627
-1.893078 6.671405
-2.009393 6.719077
6.709432 0.8283867
-6.815216 1.063478
-1.832011 -3.585137
1.01543 5.050295
0.3971097 4.018114
1.970265 2.700422
7.428975 -2.986514
-2.214177 2.517778
0.8206327 4.544668
1.881244 2.837618
-0.5238949 -6.083258
5.820282 -4.551784
6.217338 -3.945373
-0.2467616 6.324661
-6.998471 -0.3242082
5.937741 -5.801641
1.825344 -7.62766
-4.524356 5.149484
-1.602433 -1.293213
-7.628701 -0.3275569
-6.482629 -0.9899286
-0.6992884 6.465563
-1.609781 -1.301184
-1.608526 6.693239
0.4607129 -6.296277
1.404075 3.928021
6.027456 -2.69193
7.161729 0.4462799
-0.1300348 -6.280182
-3.998015 5.697011
-4.339077 7.273158
2.027371 1.117144
0.1331018 6.482481
-3.90171 7.75367
0.3271897 5.557633
5.893653 -4.673229
1.959394 4.851428
0.1738213 -6.70308
1.885713 3.104971
1.74873 3.040443
0.6831501 -6.208099
-2.387786 2.536746
0.5825735 4.051551
5.403826 -4.67979
0.2893083 -5.513586
-2.159403 -2.06919
4.225707 -5.992242
-6.371419 3.670469
-1.101213 -6.622372
-2.115406 -3.895822
-5.426893 5.84319
-1.69859 -0.2864422
0.3517564 -6.16238
-1.462735 6.703899
-4.699933 6.427133
1.585362 1.970588
7.405123 1.571839
0.6249008 -7.262244
-1.580268 -1.480095
-2.726717 1.795012
5.731051 -3.912263
0.5747849 3.521096
-0.5750953 -5.090613
-7.565659 -2.684735
5.79212 -5.123857
7.757746 -1.55849
-0.03351556 -6.707143
-7.106907 -0.1702416
1.123378 4.962416
-7.287602 1.719374
-7.19868 4.595351
-0.9167263 -4.740327
-6.685 3.439658
-0.1511457 -6.65889
-5.637951 5.844554
7.27065 -0.8660197
0.5299 -5.732356
-2.669264 7.129977
-6.534798 3.988495
-7.58067 -0.9320948
0.7764855 -7.056956
-0.7656413 7.475959
-0.9108909 -3.255327
6.504602 -2.976134
-8.231844 -1.780508
-2.299213 7.892294
0.7526013 4.228343
2.50409 -2.346398
-6.880629 3.058919
-1.086693 -3.998002
2.380561 -1.270697
6.560145 1.459771
-6.984166 2.891108
-0.7680787 -4.606913
-0.5689886 -5.523452
6.147987 -3.193539
6.998305 0.4974977
0.2012072 4.352918
6.754553 1.299781
0.5073262 -6.820648
6.407994 -2.521613
2.255158 -7.533129
-0.9977174 -4.684399
3.35318 -0.1489093
4.652025 -6.046293
4.961249 -3.02201
-6.866948 2.000046
-7.650405 -0.4589396
7.455725 -3.176536
-7.383712 -2.562279
-3.905508 6.769074
-7.101111 3.713556
-3.519718 6.887978
-4.627426 5.759569
6.848034 -4.703781
6.167509 -4.097577
5.256417 -6.490188
-1.444628 -4.930552
-4.612792 6.706704
-1.660402 7.006691
7.08172 -2.854541
-1.849995 8.452509
0.6836579 5.746558
7.629535 1.263637
0.2066429 6.054968
-3.930074 5.771774
-0.6410477 -5.234904
-2.757986 6.689688
-1.935202 -5.275095
4.960904 -4.972932
0.3432643 -5.796257
-8.33795 -3.011737
-4.695837 7.369055
7.461541 -1.861082
-2.347233 0.7307559
-6.182635 3.659629
5.083709 -6.295331
4.170515 -6.849869
-2.408428 -2.403273
2.600881 -1.605332
-1.29204 8.028652
-1.675986 -3.452392
2.425903 -0.4169866
4.855876 -5.952717
2.166834 -7.030383
-1.134584 6.555842
0.9558775 3.591355
-1.828651 1.936404
2.649436 -5.944821
-1.164615 -4.504475
1.9958 -1.45908
-2.958276 7.596064
-6.030508 3.73578
-7.93855 -0.1923422
4.040029 -6.661035
2.579624 -2.421686
6.507495 -1.792816
1.137821 -0.5056553
-1.856944 -1.703073
-2.511304 -3.436957
2.735015 -7.99191
-6.101417 3.311321
2.151982 0.3982292
7.082849 -1.098231
-7.915328 1.519133
-0.6066375 -5.786447
0.8524848 -6.922403
1.816774 2.903746
3.773018 -7.526592
-7.215132 0.898353
-1.184266 -4.801783
4.657898 -6.053232
1.891029 -0.1616901
0.1948728 4.114332
1.531142 0.9770195
-0.9931487 6.663237
1.594834 -1.823832
4.003234 -8.002926
-2.623417 2.220399
5.051902 -5.460065
-2.558751 0.8958086
-1.63491 -1.161731
2.358524 -0.1746813
6.269768 -4.902863
-5.795218 5.037018
6.237322 -2.25514
-2.416724 -3.913627
-6.018602 5.454241
6.870062 -1.615417
7.268215 -3.397528
2.39252 -6.711645
6.018903 -3.312069
2.351996 0.7036684
2.334197 1.551239
7.244354 -0.9371605
0.718695 5.723997
2.07846 -0.5615688
-3.003089 -0.1648584
-1.312637 0.7725666
-0.7691757 -4.465683
-5.727477 5.874542
-6.547596 3.454346
-0.7864393 7.088285
2.529057 -6.998759
6.531276 -3.40699
5.634611 -5.446827
5.069603 -5.173173
-2.135233 -0.4569141
6.774509 -2.256476
1.583388 2.088318
1.638643 0.2543139
1.001826 -6.700709
6.883885 -3.60761
-2.953058 1.79282
-1.461872 -1.579666
6.041514 -4.877301
-7.374898 -1.322676
-2.055724 -1.224382
6.9382 2.927203
7.783499 -0.7446745
-0.6473442 -3.576866
-2.050552 -3.598181
-4.627356 7.371844
-4.261718 6.834477
-7.873753 2.028077
6.828858 0.4676828
-0.2051913 6.799249
-2.05137 7.476975
0.03226197 -5.9931
1.259726 -6.768669
0.5096027 5.490222
-0.7810637 -2.459696
-2.150882 2.618356
7.979372 0.03870117
1.987431 -6.643735
-2.60561 6.998198
1.114286 2.92367
4.060035 -7.081297
-0.870879 -5.409552
-4.417642 7.55944
-5.410399 4.696211
7.880592 -1.20221
1.731627 -7.283345
-7.215976 0.7550777
-0.01587043 7.160336
1.700891 2.575813
-3.192474 7.360275
-1.928164 -0.7915509
-4.851129 7.193082
2.941656 -7.096133
2.655785 -7.015533
-1.862389 6.541209
-6.242491 3.297158
-1.800643 -4.067631
-6.162479 4.870686
-0.0002645945 4.99407
-0.3201461 -4.849597
-0.4592679 6.730361
-1.802175 -4.620325
-4.50408 7.375082
-3.862843 6.147018
6.572344 -2.924348
3.006472 -1.469441
-5.573129 6.235919
5.008972 -6.269603
-3.832618 7.262371
2.14995 2.040108
-5.391054 6.498429
-2.709573 0.1441106
-7.782897 0.7201737
-1.869236 6.918383
-6.28878 2.050872
5.350966 -4.24868
5.453745 -5.444793
-7.261508 3.47913
6.731329 -1.151905
-1.948457 -3.868095
-0.4758118 6.424527
0.5451748 4.915523
-7.498826 0.7182741
0.848972 5.798114
-2.24545 -1.605914
-6.347562 3.206256
2.222182 -7.819566
-6.063376 2.369181
-7.322667 1.14401
0.5243249 -6.840856
7.889926 -1.728578
-7.36234 -1.061418
2.714305 -8.031493
-2.038329 1.113734
-3.581809 0.9025557
-3.774077 -2.612153
-0.9847845 -4.698989
1.84921 3.313958
1.488116 -7.716736
-6.780475 1.724435
6.607144 -1.720299
6.24216 -3.497225
-2.289898 7.73774
0.02808382 -6.698461
-1.513463 -3.320204
4.13287 -7.296618
-7.919877 -0.6953939
5.03372 -5.966575
4.280215 -7.269087
2.264183 0.001814787
5.197981 -5.068141
7.428776 1.96531
-6.616605 2.244254
2.041256 1.955545
4.968271 -5.537118
-0.9120549 5.834332
8.008979 0.4342852
7.395734 -0.6774511
7.752282 -0.03011339
-7.171997 -0.6046153
5.083057 -6.264555
-3.773763 7.742389
-7.054044 2.098003
-0.8180416 -5.651172
-7.103203 -0.3240829
-0.2698574 -4.447972
0.7560327 -7.5575
2.36854 -7.883776
-2.743489 7.206879
-1.91663 0.2446852
-6.059477 5.017321
-2.898999 1.594471
-5.355282 4.583237
1.558859 -7.397713
2.52121 1.000357
4.040942 -7.003329
1.741838 -7.833521
-0.1119197 -5.725673
-7.365231 0.1367571
1.528236 -2.076189
0.7311014 4.788778
2.584296 0.07817084
-6.698363 5.150857
3.460877 -7.126288
-6.496337 1.314314
-7.338284 -0.4358358
0.1421932 -6.432122
7.690223 0.7284312
6.895309 0.2931391
5.441067 -6.885666
1.974624 -7.653678
6.639837 -1.754501
2.495046 3.335151
-7.623727 -1.796446
-1.382113 -2.263573
-1.886922 -4.856098
-6.485823 -1.435677
-2.021493 -0.6700554
-4.028293 6.702755
-0.6726366 -5.611071
7.576529 1.347334
6.366913 -4.282365
3.093817 -7.623076
1.859827 2.911527
-4.82446 6.313509
-7.626795 -0.1878906
-1.966299 -2.578455
1.9922 0.8718923
-1.1188 6.898422
5.757304 -4.686847
7.741839 0.6011759
7.895944 -0.5277675
-5.012994 6.358736
0.544102 -6.191377
-1.36809 -3.393909
0.2687459 -8.378852
-4.656877 6.702923
-1.808443 8.172854
-1.021769 7.603427
-0.6746107 6.652174
0.6478203 3.165122
6.976198 -4.036145
-6.801288 3.61589
0.9197447 -7.27903
-3.952316 7.257615
-2.827419 7.301564
-7.028517 -0.9518819
2.670792 -7.92939
-0.4969682 7.488626
5.701827 -5.761859
-5.708633 5.58864
-8.007137 -0.02620099
6.635115 -0.4913937
-1.557292 -1.153875
7.906515 2.605179
-2.399845 0.1906225
2.48544 -7.495505
3.442297 -6.925797
-7.727788 1.129146
2.406963 4.075312
-2.348726 7.50773
-2.025557 -4.036319
2.300715 2.10307
-2.948771 -0.9169768
7.305176 0.2882672
