2500
3
56.4339
3.783833 0.5503919 26.66259
-2.583766 -1.609318 22.21672
11.89806 18.56935 22.06652
7.186903 12.57003 14.01932
12.15888 4.153277 38.84596
-5.079659 1.919596 31.47333
10.05966 1.576308 36.88814
13.75159 14.50898 33.21908
-15.14948 -20.01656 30.72995
-3.308895 -5.823796 12.14439
0.9359545 -1.258347 23.38614
-13.78018 -7.162169 39.81558
3.758953 5.321939 23.43602
3.961551 1.939427 25.14193
0.9592207 -1.466207 23.82217
0.5071809 -4.940618 27.99838
-4.851994 -8.985481 10.35518
13.71877 18.88525 27.82379
9.235729 2.741299 34.50829
7.597554 13.0241 15.0338
-3.945006 -4.502853 20.49286
1.775695 1.70955 19.05757
-15.63033 -12.78202 39.34952
8.198594 3.261555 32.12782
-2.669244 -1.505002 22.66273
-3.674315 -3.61581 21.49071
-12.43004 -11.60497 33.01944
13.98573 5.895025 41.14432
11.12807 13.48638 27.51541
-15.62616 -20.20623 31.9111
-9.826229 -5.232005 33.48585
11.54709 17.26549 23.05033
5.438508 3.587498 26.17808
-4.264383 -7.904163 10.09651
16.80918 11.79388 42.80495
-16.02914 -15.69201 37.72405
-10.25035 0.157417 38.43327
-7.800241 -13.87725 13.69234
-0.8361206 0.7252409 22.02303
-2.143982 3.563876 28.71177
-2.991473 -5.319265 11.63375
9.244999 14.49726 19.43746
3.001013 4.033267 17.66308
-6.407378 -11.37714 12.94642
-4.172 -7.52353 11.311
-3.320785 -5.448325 21.70959
-1.76692 -3.372658 20.07924
1.735404 3.4887 20.79251
10.35333 5.915033 33.92079
0.8850882 1.412544 13.10876
3.74101 0.8432367 26.19492
-0.8527888 -0.8212104 17.14155
-3.796778 -3.051117 22.94335
1.869969 3.168274 14.63327
1.84493 1.272625 20.57481
1.566583 2.638271 12.51366
-12.79372 -11.25229 34.20906
-14.93078 -10.34399 39.78213
-7.319519 -12.83621 13.9908
5.938856 -1.567884 32.50036
-12.62569 -12.50499 32.55224
3.012149 4.895195 16.04657
1.28555 5.807948 26.79146
13.85163 18.89532 28.22884
13.93122 22.52056 23.0753
-2.365678 -4.066983 13.20707
-7.293579 -12.40222 15.13184
5.637764 7.50603 20.06764
3.270092 -0.8709737 27.46272
1.857089 2.392073 17.02323
1.082537 2.065927 17.4146
-12.57415 -3.763102 39.90644
-5.912431 -10.47894 12.77035
13.80468 19.43534 27.33574
-13.08735 -10.55923 35.53934
-4.432727 -7.790928 12.32595
-2.136688 -3.853474 10.88384
-5.922521 -11.72565 7.427353
10.95231 2.073093 38.11432
10.36601 15.74318 21.41552
-0.07330762 -0.7665643 18.29219
-12.46806 -7.515613 47.3009
14.39211 15.13215 34.18581
3.22179 4.468067 17.39912
-3.704335 -0.5070697 26.56173
0.2491384 0.5311586 13.87593
-5.673621 3.704924 33.8156
11.01705 14.27664 26.0049
-9.41075 -16.00276 16.70917
-2.04554 2.255247 27.05046
7.458545 12.04363 17.16983
-1.96292 2.336486 27.01457
1.893323 2.880606 14.8602
-8.837139 -14.72282 17.00191
-2.941037 -5.276813 11.21988
14.22191 9.360348 39.03671
11.4233 18.27647 20.75149
-7.186934 1.149995 34.12895
-0.3342985 2.003604 23.36975
-7.552785 -12.81191 15.39626
-11.22414 -14.77941 25.96246
-0.1701967 -0.7736756 17.57634
0.3415157 -1.037084 21.20175
12.12779 5.240305 37.98034
-3.525878 -4.553433 18.66012
2.015058 1.031713 21.71162
3.257428 5.6638 12.66986
2.647795 4.326571 13.82525
-0.487059 -1.749468 20.07268
-6.15901 -9.183876 18.23657
13.26952 12.82825 33.76564
-9.344953 -15.91234 16.60394
13.22929 18.48132 26.83641
12.81071 19.12516 24.46546
-5.367781 -10.66433 6.987693
1.767447 3.191999 10.39788
0.6380671 -1.157313 22.40987
-2.41257 -4.380161 10.59467
3.745074 6.558518 12.4567
3.227291 -2.127959 28.8074
13.87377 14.9927 33.01208
-15.48441 -15.04722 36.98682
-5.675669 2.604264 32.95496
-9.963425 -5.412475 33.5962
1.672712 2.845395 15.18413
-9.260086 -1.147477 35.81105
2.464738 1.565875 21.9521
-9.450082 -14.61632 19.96958
-6.981701 -12.80191 11.85021
-5.641823 3.06994 33.27746
5.100714 8.172769 16.34735
12.9778 6.058805 39.0298
11.34308 16.48206 23.65741
3.177751 3.1519 20.82795
1.536771 1.088617 19.87233
5.506886 0.421185 29.96443
8.125822 12.97075 18.00376
12.74652 19.01504 24.42044
-1.857503 -3.315972 11.38305
0.6031803 2.751506 22.5729
-4.419525 -5.878243 19.0297
6.562362 1.180119 31.08087
11.4752 8.009759 34.34679
5.967667 10.54756 12.91388
1.860457 2.05657 18.33044
-12.48615 -20.3021 21.26202
2.251103 3.521844 14.58896
1.986985 2.756418 16.31567
7.339992 1.321334 32.32552
9.396285 15.77262 17.19423
-4.562626 0.4978542 29.27596
-15.84019 -21.16887 31.39331
3.588973 0.3054174 26.59661
11.64435 16.94535 23.91027
4.210067 4.921487 20.51025
3.446604 5.487008 16.91991
2.130707 -2.075571 26.96869
11.87156 16.61487 25.2255
10.13808 16.08693 19.79119
-1.918359 0.1944356 23.81316
-2.596626 2.295429 27.99434
8.659938 12.71321 20.70176
9.993522 -1.974321 39.19049
14.94834 17.09991 33.54165
6.311079 -1.539067 33.05787
1.990818 0.5505148 22.63243
13.21349 14.25944 32.10729
11.91277 6.320421 36.7082
-4.068024 2.948834 30.88352
-11.42741 -5.547315 36.36993
4.319169 4.229194 22.29282
-12.11216 -3.750209 39.04794
13.34385 9.650007 36.90679
0.9481162 -1.257002 23.41309
8.450785 12.99577 19.42154
-11.78483 -19.65139 19.59669
1.038595 -0.3058166 21.67892
15.10091 14.20899 36.83924
-2.075731 -3.52761 14.03073
-7.82963 -12.9273 16.55193
13.06194 6.285909 39.02661
13.36192 18.17072 27.69846
7.121955 12.26296 14.55123
-4.295189 -2.520089 25.05824
0.4524181 0.1316754 17.60329
13.82167 7.395381 39.72523
0.830414 -1.850932 24.21177
0.4923328 -1.798035 23.34846
3.66323 6.384969 12.63956
-1.842278 -4.96165 24.53454
16.66612 16.95515 38.13918
-2.315458 -1.096405 22.46384
9.741519 1.29252 36.53945
-4.412414 -6.5924 20.02862
-8.4261 -14.86248 14.48285
1.763367 1.898863 18.36787
0.07293325 -1.752813 22.13872
-6.485103 -11.46514 13.17144
11.12452 5.379616 35.91216
5.715919 -1.639248 32.21346
-11.21008 -15.99052 23.97779
-2.292513 2.103683 27.27428
-0.5555562 -1.192484 16.44768
-4.960597 -2.549759 26.49685
1.719198 2.928528 16.37179
10.19668 1.190523 37.40764
3.187263 5.045651 25.019
2.303422 3.853619 14.87413
2.13582 1.445447 21.17339
7.108422 1.878725 31.40012
-11.75514 -19.73324 19.30836
-0.04328409 1.764486 22.07848
-5.988543 -9.445265 17.192
-6.246389 -11.26708 12.1841
6.034227 -1.569759 32.65079
5.339217 8.333601 17.36601
-1.873809 -3.176845 14.55387
2.931841 3.687051 18.42116
-14.9826 -18.6348 31.90579
1.513906 3.002305 19.80241
-15.57391 -15.1625 37.0979
-9.106908 -3.777352 33.3823
0.6636173 0.564463 16.98766
11.91885 8.096819 35.20957
-2.227085 1.10397 25.86101
-11.87251 -18.79739 21.5648
12.58789 8.038951 36.66976
3.756738 2.052318 24.49849
0.3745934 3.455046 24.53123
7.060816 -1.196245 33.96456
3.365938 2.444818 22.84333
12.32387 12.3528 31.95702
-2.437431 -4.41891 10.66533
3.010464 4.936446 13.91383
4.683367 3.364507 24.72499
3.463418 5.897725 13.01642
-13.68711 -6.667745 39.99406
-0.2726312 0.5085041 19.25894
5.993318 0.5257945 30.70835
-0.856744 -1.542152 14.53035
13.45556 19.45022 26.1729
-11.24273 -1.488474 39.03842
-10.11291 -18.01677 15.34994
3.791391 2.030408 24.61405
1.800608 1.386218 20.10843
5.8684 9.824738 14.7863
13.80213 12.09713 35.7444
3.511486 -1.590903 28.68636
7.746289 -0.8356234 34.78347
-6.943459 -11.83771 14.8073
-11.96989 -19.87497 19.94509
1.978781 1.055443 21.54563
-6.773661 -12.03075 13.13699
10.55385 16.66921 20.35329
-7.668403 2.838296 36.11897
2.727707 4.480716 15.6462
-6.111699 -10.79282 12.96338
-16.14736 -12.86138 40.47019
-0.2300588 -1.266441 19.5315
-4.84739 -8.576156 12.37657
5.056016 6.487964 20.1277
-1.341797 2.011747 25.48672
7.095314 10.06326 20.57891
8.375421 14.47984 15.27197
2.223886 4.25793 7.958505
-12.78908 -3.177225 40.7084
11.4825 16.2175 24.5316
-3.950755 3.427891 31.14682
15.07736 17.95623 32.94802
6.953875 3.713327 29.24932
10.38276 14.22091 24.08677
-4.337644 -6.590507 16.52248
6.168228 10.68406 13.74802
-13.43675 -6.326421 39.74403
2.761468 0.1905737 25.07876
2.366148 -0.7516461 25.63609
7.501907 -0.9737503 34.49592
13.66677 18.90046 27.63904
-4.067837 -4.953937 19.89903
3.522103 5.139372 16.78185
-1.215844 -0.1906894 21.06331
4.367132 -2.022149 30.47141
3.207995 -4.022654 30.65096
7.093637 12.23764 14.45998
7.40808 12.74504 14.76961
10.76484 17.6631 19.22411
6.24307 -1.459581 32.88598
-1.593059 -2.720763 15.37033
10.20472 17.01299 18.1213
4.746423 5.087114 21.97835
7.640238 13.34783 14.3493
3.344902 -2.121626 28.98539
7.956121 13.84513 14.71796
-7.886742 -12.31873 18.5396
7.723609 1.324669 32.99609
-15.3786 -19.6668 31.82795
7.143371 10.10568 20.22322
-3.641756 -6.014052 14.02624
10.32606 1.328988 37.53458
1.787079 1.976051 18.22196
4.172052 6.384059 22.24197
-15.54976 -16.48838 35.75258
-12.25533 -1.604097 40.76813
3.645151 6.043967 23.07232
-3.807797 -5.856389 20.41778
11.35427 3.688455 37.67416
11.1148 17.69618 20.61753
-1.484952 -1.262668 19.11362
3.185941 0.4970556 25.52886
-4.083612 -5.852517 17.51921
2.15697 3.803187 11.37549
15.39277 15.29172 36.52906
-11.81176 -19.71866 19.57966
0.8332601 -1.879819 24.26722
1.559239 -1.915855 25.75177
-1.24028 -2.193069 15.99154
1.340853 2.37638 16.61781
2.040667 3.417385 15.46001
4.390342 0.3541986 28.04472
15.31158 13.23048 38.22568
15.46494 15.43735 36.56821
6.764342 11.71133 14.18123
-5.996317 -1.068496 30.18139
2.814069 3.481458 18.48335
1.63757 3.433187 21.03326
4.498128 -0.6497274 29.32456
-14.71409 -18.99008 30.70335
0.3333619 0.637976 12.84805
-1.725675 -2.490358 15.53308
2.844007 2.018887 22.16463
-2.459828 6.051018 31.49175
14.87839 17.38835 33.03634
-14.29434 -12.36202 36.63668
5.106006 1.298167 28.30307
1.102198 2.084999 17.32649
4.773093 8.216342 13.24266
2.851628 4.680819 19.9493
-3.777446 -4.415159 20.07212
-0.2336939 -0.440249 10.81073
1.49166 -1.330144 24.74381
-5.738632 -9.414985 15.69817
11.87822 10.14382 33.19635
-12.97352 -20.03151 23.58889
-0.6566892 -1.288111 15.77245
-10.62025 -17.54318 18.84517
14.01478 19.42436 28.01979
7.787717 1.365064 33.07375
13.85243 15.69791 32.17167
-1.470202 -2.526994 15.11149
3.342985 0.3589199 26.04081
-8.614335 -14.8522 15.55375
-15.59308 -10.51368 41.09276
-11.33199 -17.14357 22.45781
-11.09889 -6.460297 34.94784
0.9595998 0.6777497 18.46793
4.777187 2.907173 25.60914
0.829017 1.491605 10.22916
-10.55774 2.517057 40.43586
5.0356 3.147406 25.86221
9.729343 14.92794 20.52884
-8.873569 0.9150511 36.66998
7.782088 14.74683 10.75089
-10.561 -17.46417 18.75143
-0.462842 -1.65349 19.83104
0.1042634 1.782477 21.66321
8.240279 1.682299 33.6013
-9.938888 -14.50233 22.07093
5.742463 9.32676 16.06457
-5.718427 -8.554407 18.94157
0.6410253 1.78939 19.42222
4.326919 6.921227 16.31971
-13.04497 -11.83671 34.22242
-1.140003 -2.013719 15.32945
0.7844733 1.848462 18.77705
-2.623269 -4.773891 10.51581
2.668804 4.99893 26.36271
-14.86093 -21.01396 28.5536
11.41273 17.64365 21.8712
-10.53666 -18.21817 16.98807
-1.866232 3.490565 28.22884
1.679653 3.498318 21.09345
-0.1792102 -0.3515945 11.67747
6.477764 3.139918 28.91688
6.23338 10.12604 16.27603
-1.517187 -2.63004 13.30596
-7.22329 2.434804 35.15533
7.989151 3.650914 31.35743
3.885194 6.586966 13.34274
-7.514263 -13.96363 11.54222
0.4367722 1.94866 20.95581
2.044925 2.881981 16.16217
-16.279 -14.88627 39.06103
4.852017 4.081008 24.03985
7.930104 -0.7177449 34.99187
13.06925 16.4208 29.15534
0.959614 1.751706 9.775209
2.608672 -3.330555 29.13618
-2.566911 -5.073753 23.17067
-1.089504 -2.068948 17.3481
11.0284 14.01274 26.4206
1.131682 2.114686 17.19544
10.35281 13.75874 24.72552
-14.89186 -8.898614 40.81657
7.713395 13.0217 15.68346
-1.035399 -4.980317 25.91474
0.3918393 0.5151034 14.00543
13.30646 9.521539 36.93606
5.892632 0.3790689 30.67425
6.548722 -1.443129 33.35228
-14.07988 -21.10474 25.83367
1.609929 -1.984244 25.94042
-10.06696 -14.96886 21.75638
2.013551 2.163451 18.74804
-1.902587 -3.229271 14.37846
-14.72461 -10.08117 39.54363
-15.10678 -18.19726 32.75784
-6.345325 0.06747668 31.85539
9.902887 16.33663 18.24323
7.992493 -3.478876 37.04128
4.74033 2.924612 25.5006
-4.763518 -8.824463 10.30547
1.224576 1.922092 13.75517
-12.96003 -19.47541 24.43849
-13.16212 -8.828628 37.21665
1.378032 0.1715697 21.642
4.13277 5.229474 19.4805
-10.87806 -17.96219 19.09656
-0.4481624 -1.724611 20.16615
-2.470033 1.142766 26.36692
13.49734 22.25236 21.83905
8.373376 2.607037 33.04626
-10.17482 -14.06027 23.77118
14.61968 13.42882 36.41806
3.944267 -2.090465 29.88532
4.610445 7.938876 13.15387
-10.16777 0.2479557 38.35487
11.83329 18.63847 21.70013
2.106708 3.035124 15.90586
5.23677 9.262162 12.54788
6.547453 11.33383 13.99296
2.988367 5.770115 7.70685
1.444596 -0.485807 23.18609
8.987385 15.24976 16.44138
-3.462258 2.764937 29.81821
4.494503 6.968989 17.64775
2.749077 -1.74138 27.60072
1.626087 2.772107 15.2943
-12.30787 -13.7595 30.35033
-14.82197 -10.41209 39.4904
3.563798 6.230755 12.48599
4.080117 0.3595764 27.46467
-0.5792302 -1.196898 16.1139
-3.31769 -5.321723 16.57268
-0.7171328 -1.331046 14.86981
6.807761 11.39302 15.38091
-4.725756 1.128156 30.17998
10.6015 17.4178 19.02647
0.6585356 0.6120038 16.67619
-2.172595 -3.790691 12.4925
11.31399 15.77784 24.71008
3.210296 -0.4383122 26.82438
-8.94711 -2.004803 34.58979
-15.66237 -20.27583 31.93523
-9.233008 -14.62978 19.09127
-12.42823 -6.256192 37.78669
-1.506101 -2.610472 13.33752
-3.972686 -6.048672 20.1701
-0.1823791 2.801116 24.49712
5.985119 1.849831 29.35742
-4.707987 2.160835 31.12132
-13.17546 -3.947785 40.91538
16.54478 18.65932 36.16665
14.11632 18.74116 29.23956
-1.972871 1.054776 25.29722
-5.875498 -9.352657 16.34704
0.6625448 1.983567 20.09752
-1.423439 -2.454926 14.23328
-4.67365 -7.223404 16.34451
13.80418 18.89584 28.07664
1.870588 3.393991 10.24713
-16.41934 -15.52785 38.83155
6.676151 10.83402 16.53891
-2.180498 2.120513 27.10836
2.164167 3.678137 13.94668
11.00198 7.684657 33.64145
12.20601 8.858008 35.14186
3.368755 0.9429842 25.2784
-2.076357 -3.524494 14.11119
12.5027 18.75536 23.97252
3.789677 -2.105608 29.66117
0.3421634 3.982854 25.46884
9.05838 5.02181 32.14832
13.53441 14.74739 32.39632
-15.46786 -11.8207 39.77867
-2.480582 3.679691 29.31177
2.444595 3.558337 16.02589
0.2965949 1.746636 20.88087
-0.2905685 -1.272318 19.22345
11.31709 17.09544 22.50755
8.50666 13.58113 18.18197
2.624326 5.050913 7.783572
7.789412 13.3465 15.18404
-0.6488954 -1.277339 15.78929
15.97419 22.72413 29.86506
0.830931 1.288701 13.48605
-12.4 -17.75421 25.19959
9.638672 13.59934 22.61838
4.403667 3.782889 23.33487
2.40814 3.07136 17.73479
-14.44126 -7.932383 40.597
5.725257 10.0939 12.90062
2.060956 3.61597 11.51165
5.589846 9.064688 16.06115
-10.36817 -5.005531 34.74583
3.144339 5.191166 15.05775
9.635509 5.218291 33.1138
1.474526 1.348124 18.77902
6.242996 -0.05451543 31.67324
13.62137 11.84807 35.55945
-0.05248365 -0.9688357 19.30813
-8.764612 -15.08719 15.72833
2.938171 1.877602 22.70662
11.36612 3.398822 37.91063
6.896403 0.897525 31.92946
2.717529 3.064541 19.2679
11.64842 16.71534 24.32276
11.24638 17.82254 20.90394
-8.959781 -15.47913 15.7297
-4.623088 -7.129495 16.36502
14.60677 18.91755 30.47947
12.05523 13.03994 30.50722
3.96394 6.632606 14.41633
-15.0087 -18.4544 32.18966
0.132681 -0.2726982 17.23283
-11.73509 -17.43105 23.42593
7.738708 3.712805 30.80862
-1.688858 -2.396963 15.72058
3.313269 4.680998 17.181
0.7050813 0.948135 14.81266
-11.32967 -19.1629 18.59927
10.94066 6.524993 34.56911
1.372288 2.497943 17.60445
-5.178838 -7.671611 19.42116
10.99498 3.644014 37.03691
1.933103 3.246939 15.73984
-9.393631 -13.75835 21.44404
12.91746 6.527485 38.55444
-4.372491 -7.961317 10.95081
-13.71054 -4.942517 41.26471
8.61332 12.04529 22.01116
2.776472 4.494649 18.60056
1.434738 2.779296 19.12853
-10.84549 -18.60259 17.59105
-3.617154 -6.343437 12.36587
2.473967 -0.3023064 25.20477
11.26879 15.67289 24.68314
7.05557 11.1358 17.41191
-1.926455 -4.802216 24.03053
4.246499 -0.6710022 28.92181
9.344067 14.74953 19.24773
-2.866611 -5.216146 10.3978
12.13795 10.6276 33.30996
4.490424 7.221571 16.10277
-15.41836 -14.14738 37.65875
-1.5658 -2.768841 11.95303
-1.983458 -4.808341 23.92144
-10.00148 -0.9791904 37.21971
13.83593 15.23883 32.64636
1.759971 -1.3853 25.36492
-1.259067 3.45628 27.2842
-1.064007 -1.869875 13.52906
3.626734 0.5755111 26.31979
-12.21488 -10.35997 33.76347
-2.901446 -4.915718 12.93804
12.40679 19.14861 22.97351
-2.750537 -4.74759 12.96398
7.382845 3.505663 30.32042
0.9447954 1.956134 18.09333
-3.286931 -6.038377 10.21773
4.719325 8.340633 12.37323
-6.761748 -1.915012 30.7327
16.52897 22.06231 32.39933
-9.255236 -0.01589204 36.63864
3.067782 5.05439 13.81391
4.325275 4.507615 21.77425
-6.594429 -11.63463 13.31664
4.551287 4.224288 22.98152
1.885851 -3.305306 28.04849
4.718606 4.773843 22.48186
15.45915 15.87179 36.13275
-2.348734 -4.036195 13.23277
0.2128991 -0.8099311 20.02985
-0.2863991 -1.711866 20.81417
3.078183 0.2601268 25.63928
-8.580967 1.134817 36.35104
-3.270402 3.553072 30.30021
-2.06193 -3.4993 14.14159
-1.920357 3.554088 28.37837
3.19822 2.906769 21.43506
-8.444226 -14.59068 15.32426
-12.49555 -19.23643 23.15712
2.57289 4.25269 19.06277
-4.990252 -8.909501 12.04633
7.604869 10.79107 20.56356
6.993461 11.69305 15.53465
-7.178887 1.318115 34.24703
-12.72107 -19.48543 23.56715
-2.570816 -4.411094 13.26372
-4.434248 -6.621107 20.00447
-2.783897 -4.688733 13.06416
14.42904 22.9115 24.3161
-12.44653 -13.11633 31.44479
-12.778 -19.58931 23.60296
-4.720971 3.303442 32.13643
-7.263859 -13.09605 12.77709
-11.22666 -4.140594 37.09233
3.53863 5.881228 14.67694
-5.390733 1.842837 31.88513
-11.97569 -8.333944 35.11891
1.846642 2.356319 17.10545
0.4703764 2.751058 22.92803
7.266474 1.960075 31.61079
-2.616495 -3.51772 17.31339
15.04991 17.23782 33.66554
-5.359828 2.463137 32.3673
-3.871261 2.101779 29.7837
2.970794 3.953127 17.76904
2.648137 0.3959219 24.5183
-1.080197 1.938646 24.87136
11.5256 3.434445 38.18054
9.250269 -1.620028 37.76275
7.094824 1.796478 31.45453
4.932483 8.186381 14.53908
-3.487516 -6.091698 12.51048
6.578986 3.169009 29.08712
1.758609 2.569062 15.39058
-12.31031 -19.22785 22.48131
-14.17759 -19.47068 28.46758
-2.718898 -0.8120515 24.01276
2.600515 0.6023192 24.07846
15.38768 13.86608 37.83984
5.578036 0.6435831 29.86541
-1.74212 1.002414 24.74815
2.014759 -2.058321 26.75005
0.248689 3.464705 24.78995
-9.21242 -16.38466 14.70282
1.977424 1.078583 21.48964
-6.718475 -10.24444 18.10814
-0.9457762 3.413244 26.74538
5.788905 -1.230236 31.97481
14.27202 9.570015 38.976
12.2965 15.9257 27.55487
0.628309 -1.702829 23.4904
12.1227 0.2368437 41.39712
10.26764 6.607838 33.11439
-12.26318 -8.676942 35.42712
3.331709 5.088127 24.62165
-1.685482 -2.919302 11.7854
3.258145 5.142581 19.13314
8.71358 14.50379 16.93735
2.262339 5.032343 27.30929
5.799751 9.386228 16.2158
-0.9214012 -1.927056 18.11769
7.762132 13.31354 15.16549
5.880721 -1.695602 32.51715
-1.728983 -3.902768 22.26143
-8.622033 0.2463365 35.77391
-0.2496715 0.5000857 19.10509
9.456006 14.75272 19.77537
-11.3248 -18.28643 20.33214
14.92622 17.19859 33.3747
3.654237 5.81859 16.72498
-13.96925 -5.59626 41.32011
2.670609 4.194366 14.76554
-0.164701 1.768647 22.43915
2.842356 1.197511 23.66744
13.52846 6.567903 39.74923
-7.345574 1.908488 34.95625
1.472882 1.577098 17.9367
10.0434 3.37823 35.47633
0.8449441 -4.969328 28.47015
2.399706 4.42693 9.699246
-0.484163 -1.087524 16.46966
2.396612 3.617746 15.3714
4.107182 4.422231 21.23548
12.11614 13.64651 29.94862
8.357698 14.42807 15.31802
-1.164826 3.428787 27.10584
-2.105461 -3.705353 12.06965
-1.400766 -2.469136 12.2479
3.692891 6.068304 22.99391
-1.31762 -2.299586 15.67674
-0.2783478 -0.5199729 10.25165
2.763521 1.254162 23.37103
0.7309783 -1.414016 23.18333
5.629374 9.132756 15.63776
-0.1712174 -3.097416 24.30083
-1.482565 -2.547779 15.29452
-2.31282 -4.295562 9.505216
-14.14624 -16.68118 31.84347
3.68766 -5.121271 32.23633
4.024774 6.948436 12.79817
3.725019 6.523725 12.44968
-3.36977 1.217726 28.03814
2.824066 4.672613 13.58289
-7.568772 0.9514896 34.58624
3.227565 5.138637 17.28143
6.692648 10.4774 17.7568
-3.318319 -5.782553 12.58169
-11.77361 -3.214291 38.79904
-2.880465 2.163114 28.2974
-11.78107 -14.47875 28.01954
-5.011501 3.302992 32.55262
-11.67755 -21.1411 16.00302
-6.679329 1.39768 33.5211
8.95127 13.83055 19.55824
12.30206 12.81604 31.39248
-3.205499 -5.883206 10.24152
15.41749 16.61017 35.2887
-1.598168 2.011821 25.95756
14.28121 15.9946 32.98132
-1.51478 -2.597433 15.18417
7.505528 13.89599 11.7086
-3.338958 3.548868 30.39287
2.710719 0.2065228 24.94645
-5.550814 -10.11635 11.38602
1.862508 -0.09490651 23.50539
-1.731336 -3.078267 11.60731
4.606469 4.012221 23.4991
-2.915761 -5.050998 12.80019
-7.367249 -12.9112 14.04815
-15.94414 -12.01184 40.69544
13.26265 17.69048 28.05065
15.14872 13.11786 37.94413
1.47893 1.311586 18.92394
2.561139 0.6216581 23.95353
-8.229562 -3.431888 32.03117
6.073504 -1.136251 32.34594
4.066384 1.894662 25.44068
2.201383 3.416859 14.71435
7.538999 -0.9543213 34.54055
-3.022899 -1.222824 24.06523
-15.51288 -23.99445 26.59037
2.166521 1.042771 22.14439
-0.4955915 -0.9368494 8.614001
-0.4038329 -1.096294 17.47499
1.228426 0.2911421 20.85305
-15.44035 -14.4279 37.45537
13.15619 19.50662 25.07357
-3.604245 -6.68087 9.886136
2.171797 5.755231 25.48075
-3.55427 -6.257816 12.18086
-0.1133816 1.972886 22.75045
-1.838994 -4.794652 24.19633
-0.2832207 -0.528906 10.19742
5.77701 3.030327 27.6152
-3.754947 -5.950353 15.18125
-1.50475 0.001518084 22.39267
-13.99986 -12.44556 35.87831
-6.317923 -10.36745 15.95945
11.89618 14.01841 28.89463
-6.277554 -10.30188 15.93689
-13.26209 -19.55028 25.37029
-2.290316 -3.903113 13.70545
14.90694 18.65723 31.66393
5.655263 10.00217 12.7353
-4.979137 -8.47106 13.75331
-13.1724 -5.504402 39.82104
9.268868 15.72877 16.67692
-8.792119 0.1242065 35.96652
17.03331 13.08935 42.31942
4.230405 3.409734 23.50004
3.434166 5.034428 16.63415
-3.749243 -6.617874 12.11861
-1.083012 -2.109948 6.955716
1.282261 2.409026 17.95771
4.042171 6.255073 15.919
-11.93597 -16.14503 26.14204
6.381231 9.203922 19.1635
9.234677 4.754328 32.74658
6.580001 9.349225 20.72276
3.749486 6.860728 10.442
-5.288604 -8.335371 16.24069
-2.2722 -3.975137 12.34557
10.50288 17.32646 18.78735
15.01438 18.42416 32.24058
-14.45211 -14.62785 34.84684
13.05319 15.13821 30.694
-12.92663 -16.00561 29.26151
5.711759 9.272614 16.06876
-6.434116 -11.8448 11.35301
5.903024 10.22779 13.58806
0.1862694 -1.76775 22.49716
5.271418 -0.9381352 30.88235
7.345149 12.63662 14.7285
0.8886783 -0.6132848 21.92638
3.039423 0.7359701 24.86605
4.488736 0.2622593 28.32754
-14.98965 -23.92776 24.80732
-7.605135 -3.192572 31.06769
0.2490739 -1.015495 20.80755
-11.73263 -4.173133 38.02465
2.005332 1.043372 21.65588
0.2576085 0.5403296 13.76577
5.947599 10.08293 14.57093
-14.21062 -8.345558 39.80694
1.503842 2.58738 15.73781
10.96862 7.615064 33.63578
-14.42078 -13.54514 35.83089
-14.423 -21.11244 26.98632
2.205457 3.817706 19.42499
8.640267 0.9379303 34.90309
15.66218 9.592259 41.93687
-1.757159 -2.991563 14.4505
4.785406 8.298832 13.18293
-6.420485 -11.82564 11.33415
-5.291066 -9.992092 9.603544
13.50047 19.49331 26.25874
-3.892696 -7.22923 9.883489
-9.86597 -15.09057 20.68401
12.04305 7.673272 35.84502
-2.843817 -5.226748 10.09579
-0.7867418 -1.739252 18.11925
-1.211613 -2.168054 16.34751
3.870471 4.31283 20.65326
16.85828 12.05431 42.71825
-3.384362 -5.495776 21.59142
1.324509 -1.352343 24.42952
4.996539 -4.886561 33.77196
6.839744 11.14813 16.2788
-0.4707756 -1.128033 16.99374
8.938759 15.31916 16.03457
11.01265 14.55272 25.58291
-11.49309 -19.77206 18.07057
14.14053 18.71604 29.34836
5.460221 7.142646 20.19815
-7.362318 -12.01259 16.75089
-1.388624 -2.72661 6.564639
8.318689 14.93566 13.63697
-0.09873952 -0.2586509 13.34077
-1.794367 -3.100142 13.20577
-5.923651 -8.782711 18.19097
4.374679 1.800291 26.23525
13.65801 11.24841 36.19532
3.522254 3.494318 21.24677
4.641468 -2.00035 30.87301
-7.25706 -12.73198 13.93526
7.897244 13.74464 14.67263
4.746446 -1.980161 31.01581
-1.695183 -3.008925 11.70371
10.78469 1.868797 37.96037
5.625801 9.536374 14.42612
6.089983 -1.515675 32.69275
15.31467 17.30115 34.30301
6.482547 2.632065 29.47664
5.32537 0.8330897 29.21684
-4.24163 4.861952 37.35362
-7.422747 2.341178 35.39233
-1.425227 -2.581509 10.69677
12.67327 18.66802 24.70859
10.4311 1.471724 37.61737
8.338273 1.83219 33.64889
3.933042 1.294402 25.98637
4.508528 6.754127 16.94578
-8.140839 -14.12871 14.93052
-5.816601 -0.2367123 30.68093
-1.748703 -3.044152 11.65474
-13.27691 -17.02475 28.97769
-3.801893 1.215669 28.75895
-4.153535 2.075291 30.19309
1.029335 2.216573 18.98211
0.04048668 -1.399453 21.12592
13.36113 9.992109 36.65152
-8.616277 1.581328 36.72124
3.933471 6.263514 16.58618
2.997644 3.887477 18.12118
4.298944 6.900508 16.17348
10.89636 15.10778 24.35165
0.04756071 -0.7765787 19.08936
12.08929 18.13299 23.52065
-3.895159 -3.545047 22.31624
10.3823 17.91732 16.92833
4.803589 7.676001 16.39147
-15.98259 -12.22595 40.61038
3.547795 5.80256 15.41179
0.5979201 1.093344 10.71382
-1.637035 -3.229003 6.348465
13.81595 19.23825 27.64374
-15.13584 -8.804823 41.40057
-0.5549756 -1.757865 19.76522
15.04289 13.51602 37.33998
8.354123 0.9035634 34.43771
12.24211 5.156766 38.2645
11.87563 5.977124 36.90873
-9.780558 -17.20673 15.62232
-16.98492 -22.96932 32.7123
7.723216 13.47898 14.44506
-11.43052 -6.755997 35.36699
5.376586 -1.346474 31.42443
-4.476995 -7.95347 12.0655
6.608617 11.64795 13.36629
13.93743 13.86767 34.34664
12.72172 5.736467 38.76569
1.755531 3.358964 7.958666
0.1067285 2.498146 23.29761
1.819267 -0.9133047 24.77004
2.025478 2.71616 16.77023
15.41655 15.38622 36.49729
-9.464695 -16.05477 16.83596
2.425901 0.6812029 23.52377
6.034979 0.5621821 30.74574
3.077365 4.226802 17.42346
-5.139175 -8.069858 16.24341
13.4759 17.57211 28.8503
-4.033275 0.5321692 28.40554
5.982507 -0.5147313 31.65511
-5.124692 -7.505972 17.86304
4.589825 7.568475 14.55327
-4.260243 -2.540674 24.94654
8.33325 1.966757 33.52618
7.991833 13.35161 16.31934
2.017404 3.449334 18.22839
11.29783 18.23132 20.32826
-1.254919 -2.047214 13.05215
-13.11565 -12.55752 33.66955
-8.110279 1.925636 36.16194
-9.891102 -17.10479 16.42989
11.79058 11.2467 31.877
3.885048 1.410886 25.72457
14.53571 13.94324 35.72584
1.69779 3.506521 21.04318
-2.288725 -4.155944 20.87895
5.241488 10.13983 8.364826
14.80881 18.26038 31.85011
11.31303 8.751527 33.30545
-1.042492 -1.834308 13.48272
0.8695553 1.377671 13.21036
2.581757 4.425761 13.3078
-12.10619 -2.707035 39.7646
-4.134046 -6.242224 20.37241
-14.53527 -23.75818 23.36775
-2.305654 -4.131919 10.83645
-1.603409 -2.737734 14.89659
8.3691 13.35628 18.18564
3.278489 5.070592 24.76885
4.738799 8.154333 13.23904
-2.303387 -1.108154 22.40656
-3.615324 -1.820657 24.52248
3.255044 5.408405 13.66693
10.87656 13.75471 26.39132
12.56374 18.36544 24.80612
-11.9417 -18.8542 21.73124
-15.61794 -10.57743 41.09809
-3.986651 -7.055255 12.0721
5.694096 9.954099 13.23606
14.02457 14.30164 34.11414
0.6982912 2.082376 20.29463
-11.65888 -19.95803 18.43316
-0.0279503 -0.2318847 14.84178
0.9061474 -1.889863 24.43788
14.07809 19.13347 28.60719
-14.64117 -8.10526 40.88303
-3.421921 -6.013103 12.23664
11.70953 17.69353 22.90325
15.79994 20.97666 31.50479
7.008553 13.04234 11.17062
3.423629 6.241337 10.49063
8.063569 3.450336 31.69351
1.980876 3.609701 10.10438
1.725656 2.93051 14.9968
0.9307826 3.441517 23.30173
13.31333 6.819609 39.12767
-13.69067 -19.78168 26.46807
-0.9864654 1.971445 24.7361
2.140585 3.771276 11.39772
6.799517 1.734811 30.97642
-2.637894 -4.034446 15.29027
6.838605 -3.130534 35.08203
-2.03714 -3.487331 13.59406
2.801447 -1.572034 27.48818
1.90874 0.6118511 22.27993
14.34005 13.00638 36.15134
-4.94433 -6.987859 18.43313
-12.1337 -18.96232 22.27089
-7.008659 -2.271649 30.84
-5.210739 -0.9026053 28.93434
-16.01927 -12.43936 40.52122
4.2899 7.458422 12.9122
0.2296024 3.281391 24.51029
12.53764 9.112678 35.63012
-2.111096 -3.619699 13.45062
5.026542 7.190356 18.26635
-3.265277 -6.517086 6.015104
15.41005 14.10342 37.67797
15.05575 13.98091 36.94282
-4.613985 2.015947 30.84518
-0.2665117 -0.4984385 10.38856
15.01848 18.38572 32.29646
-10.15381 -2.048152 36.70515
-14.97595 -10.53024 39.73207
10.37719 4.795563 34.9414
5.651654 9.880203 13.21507
2.00828 1.925911 19.45035
2.216843 3.755942 14.10049
-0.9712247 -1.792513 16.12797
1.19994 3.313582 22.25845
12.63549 19.28327 23.59002
-5.736369 -10.44901 11.4961
9.190572 13.57017 21.04067
13.7779 12.03298 35.74819
1.108307 5.223225 29.58633
8.756734 12.11101 22.50687
-6.850794 -12.06525 13.53594
-4.48372 -6.243748 18.33709
2.672797 4.525808 13.90635
-1.108364 -2.089234 17.28025
-1.757567 -3.149187 11.20729
3.773188 5.967154 17.02067
4.72864 7.987872 13.86507
-12.72477 -10.18356 35.06829
1.720268 1.124956 20.49303
13.76912 13.2719 34.53444
-3.019625 -4.812546 14.63271
1.61079 1.589371 18.64613
-3.411229 -6.01355 12.09466
-1.932074 -3.457017 11.26415
4.846206 8.05904 14.86596
0.6757056 1.986887 20.04532
-1.344254 2.167616 25.71728
4.605559 5.169839 21.35682
-3.270348 -5.732678 12.31516
0.6978782 -0.5337532 21.11666
4.256253 5.084235 20.31074
2.361389 -1.337287 26.42494
2.659573 4.328901 18.35605
1.418543 2.46463 16.01154
-1.708739 -0.8007515 21.25201
-0.08838261 -0.9674481 19.10354
8.815692 3.442656 33.12786
12.64351 11.44525 33.66884
-10.54187 -3.730945 36.12444
-2.011909 -3.531233 12.21927
-3.692571 3.625369 30.95999
4.262309 -1.371927 29.6727
-0.9214078 -1.641288 12.24124
-12.79442 -20.13502 22.75098
4.543009 3.520778 24.13363
1.853402 2.356331 17.14963
4.939459 7.975455 16.01974
-15.51386 -10.14728 41.20123
2.061654 2.818052 16.57619
-6.183924 -10.93069 13.01973
9.400966 13.36101 22.20687
-13.56326 -19.58577 26.32868
2.554922 0.6115108 23.95564
-4.735531 -0.02725561 29.02241
-8.090795 1.931916 36.13577
-3.180391 -5.100486 16.76532
-17.71002 -20.64959 37.31247
-9.743856 -15.92742 18.43138
1.70713 2.91156 16.41049
5.288881 -0.3292195 30.33193
-4.496225 3.352329 31.85662
11.54232 0.7661014 40.04638
2.013995 3.005859 15.27917
-5.363524 -8.279276 16.8275
4.740217 8.355599 12.4915
4.726571 5.990463 20.0041
-14.82478 -18.89012 31.14944
-1.175492 -2.069465 12.6627
5.585222 8.976943 16.37995
-1.062563 -1.881951 14.97476
-3.034292 -5.295972 12.47186
14.41835 9.01339 39.7279
7.477124 0.3327204 33.40994
-2.381396 2.110924 27.43001
-4.353411 -0.8654512 27.37427
-1.032944 -2.009159 7.038113
13.55834 7.400937 39.18242
-0.006338487 1.748415 21.92717
-0.6148694 -1.172519 8.093557
0.6018709 -0.9218592 21.76702
6.949174 9.859327 20.84695
3.675227 1.48473 25.16312
9.09935 4.347449 32.85561
-3.398309 2.133388 29.08124
-3.111304 -0.6468042 25.15462
0.5285606 0.04127077 18.51735
2.453091 -5.205284 30.74024
-4.423906 -0.8622969 27.51305
3.559972 -0.6811053 27.74874
10.78372 2.415677 37.56451
3.687844 5.887718 14.95796
-2.634926 0.4061079 25.67946
-4.082621 -6.571849 14.96195
6.059782 0.4303771 30.91335
-6.246277 -1.726452 29.97224
7.383977 12.93547 14.0746
14.34131 15.63027 33.53198
-5.997515 3.118629 33.83517
11.37637 19.10251 18.92842
14.10301 21.66439 25.06873
4.568297 7.356114 16.05972
4.947026 -1.439832 30.83056
11.77831 8.281449 34.74524
5.366453 3.614627 25.97772
-0.8409862 -1.652691 16.80547
11.32945 14.30672 26.89766
-12.34237 -10.3805 34.03226
12.66837 18.8163 24.45756
9.743217 15.51647 19.35234
10.39831 1.953725 37.21118
14.07084 8.862936 39.11082
-14.32193 -19.3779 29.0373
7.554914 10.87092 20.20402
9.61862 13.38251 22.92825
2.130648 0.4606369 23.17271
12.41139 8.60933 35.80892
2.756712 -1.520226 27.34976
13.02252 16.69104 28.66855
9.340552 14.67152 19.39945
-0.2736854 -1.701964 20.83363
0.6503031 -1.817356 23.75461
2.818933 3.250854 19.18452
1.382067 -0.1706579 22.39804
2.630971 -2.109819 27.83647
-15.36819 -20.8736 30.3236
3.215146 3.592709 19.91316
7.066437 10.01931 20.90291
-15.43066 -16.74564 35.18571
-12.87692 -19.41658 24.23856
-4.156821 -7.689422 10.153
-15.29043 -19.81701 31.39102
2.08909 3.723724 19.80113
12.92208 16.88033 28.11929
6.290004 11.08353 13.20509
-2.218235 2.14233 27.19811
8.656229 12.00193 22.37146
3.14131 5.45323 12.72467
-0.2463677 -0.462417 10.63978
3.494212 2.274295 23.48761
-3.364419 2.385986 29.29005
11.27903 5.079481 36.45887
-4.815363 1.97974 31.1213
2.613381 4.149566 14.49142
11.9776 15.86654 26.64438
13.28729 9.896724 36.57327
6.715033 11.62973 14.14033
2.164071 3.676202 13.97714
0.6757567 0.5041831 17.39704
12.53599 7.189399 37.26091
-3.441873 -5.945569 12.53574
4.677215 1.749314 26.92676
16.03581 13.46556 39.71054
8.45362 4.44747 31.49597
15.12504 7.792142 42.11101
5.326093 3.063376 26.61702
-0.8456205 -1.522016 14.445
12.963 5.305543 39.55567
-16.19722 -18.63334 35.26183
-3.672141 -6.44468 12.34658
-7.982913 -13.47508 15.87955
-3.083265 2.183731 28.64082
1.615692 0.9318005 20.6056
12.78094 5.09251 39.35695
2.487122 4.252796 13.45365
-0.5465033 -1.733791 19.71357
0.4079649 -1.706591 22.95612
7.617839 10.79247 20.94247
14.36262 16.40068 32.74468
-7.727791 0.8985866 34.80181
6.534663 -0.5325511 32.57381
-14.73708 -21.05042 28.10566
-14.97626 -11.17204 39.21167
3.855348 6.765999 12.39393
8.029323 12.83415 17.89104
-14.69755 -19.01064 30.63132
7.230984 10.39139 19.95338
3.84199 6.74193 12.39439
-7.014648 -10.56653 18.64963
-3.750308 -3.167431 22.60038
-10.52804 -5.234212 34.8638
2.990774 4.006371 17.69819
-13.70848 -10.79316 36.71585
12.5891 7.313045 37.26919
4.202172 1.846934 25.80426
-5.461425 3.288941 33.18883
10.47865 3.936647 35.84255
10.93361 13.76055 26.55021
5.188854 9.013966 13.26977
11.24299 16.08429 23.93692
3.056962 0.4185581 25.37088
11.66512 6.031583 36.44907
2.591641 -1.539621 27.08965
14.40777 20.9074 27.22658
0.03978305 -1.024185 19.96834
-1.210397 -3.132475 21.70518
6.411496 3.122569 28.80332
4.83241 7.724246 16.38487
-0.4598414 -1.105174 16.93971
9.163791 13.10698 21.82191
6.004281 11.62459 8.670002
-1.208441 3.501554 27.26306
-1.926663 -3.266654 14.42381
2.091229 3.306281 14.27193
2.950895 5.102872 12.88202
-8.074341 -12.26868 19.28341
12.18055 10.85126 33.18416
-1.551003 2.96393 27.12863
3.208316 5.550607 12.88327
6.360857 -1.180322 32.84016
6.072942 10.2939 14.63781
0.5129342 -1.81582 23.43217
6.613642 3.398656 28.90537
13.88176 13.8334 34.24477
6.070754 8.324993 19.92068
-13.31123 -19.8104 25.14066
5.371422 9.394376 12.95287
13.31825 19.47013 25.68269
16.218 16.63411 37.30937
12.31027 17.21984 25.71479
4.288012 -1.944226 30.27502
14.62342 10.93177 38.62876
2.505917 4.81659 7.824352
2.577477 1.42323 22.56358
15.0973 14.9828 36.09505
0.4511558 0.8277182 11.71274
8.858459 13.88144 19.14893
6.429398 9.667387 18.24129
-2.634829 -3.566947 17.23985
5.6173 -1.519374 31.95599
0.9391623 1.944166 18.06484
-9.954297 -17.53498 15.7095
10.60929 18.20498 17.35991
11.21295 17.15658 21.99075
9.565579 0.5551849 36.77531
4.309411 5.253264 20.1201
10.11129 14.25665 23.1142
-1.184172 -2.077669 15.13822
14.02436 19.37282 28.12024
3.446336 5.718838 14.75288
11.89997 13.49264 29.55918
0.5371418 1.772884 19.91527
-3.76397 -2.147964 24.367
0.6526197 3.266151 23.5849
-0.3110535 2.000099 23.30687
-1.537414 -2.636037 15.55554
-8.576654 -15.4485 13.68074
4.369056 3.206124 24.19143
11.79595 13.66743 29.06248
4.384036 7.525704 13.15603
13.87515 18.88945 28.30601
4.66901 -1.998354 30.91333
-0.7669371 -1.398984 14.56396
2.253788 3.863976 19.2958
1.074181 3.343268 22.70186
2.683106 4.083497 15.41538
14.82128 11.92278 38.23389
3.749686 5.978812 16.59574
-16.10564 -18.84021 34.79579
0.8964407 5.25828 29.95699
-12.98647 -2.773941 41.34165
-0.4719398 4.06321 26.868
5.415323 0.3776436 29.84825
-1.996277 2.074232 26.73884
12.55266 18.618 24.36915
11.26022 14.93969 25.77621
3.563092 -1.57541 28.75336
-14.97243 -18.91864 31.54165
-0.9896081 3.417838 26.82011
8.748561 14.78893 16.42326
4.804368 7.956514 14.53697
-7.446209 -13.03142 14.12494
-0.4477535 2.120167 23.85245
3.971632 -1.119732 28.93777
-8.325735 -3.506508 32.14488
-13.78888 -19.58515 27.07301
-0.73407 -1.819388 18.97991
12.94194 1.450183 42.10311
12.12926 7.87851 35.84824
0.03849106 -0.2395025 15.99241
5.744131 3.520263 26.94304
1.590806 -1.990156 25.91406
-15.36891 -8.31027 42.24846
-1.018976 -1.79502 13.58538
0.7550922 -1.771771 23.9083
15.32759 17.286 34.35334
-11.39942 -18.45415 20.31414
-5.153969 -7.634974 19.43342
-10.4604 -1.211276 37.85337
5.237214 3.378712 26.00374
11.8209 18.7115 21.51942
-1.708058 3.48069 27.9853
-0.3227568 5.973157 28.92493
12.45363 16.96446 26.56739
8.628281 14.6157 16.25492
6.129803 10.62518 13.69889
4.088738 -2.063481 30.08196
-2.510429 -0.9378463 23.28345
9.614774 17.23842 14.6635
-0.02250029 -1.043771 19.74367
0.7293462 1.025457 14.46768
-11.29734 -4.247479 37.14408
14.24784 16.79628 31.98855
4.734203 7.488723 15.80011
-3.695103 2.166049 29.57563
12.18268 14.75341 28.75434
13.45838 6.403001 39.73077
-3.978205 -2.020506 25.06116
10.60988 15.91448 22.01662
9.241872 13.00561 22.28626
1.423596 -0.8029233 23.71368
-1.072093 -1.883472 13.49504
-3.022067 -5.291844 12.32484
-7.496462 2.284116 35.46428
-3.78973 2.108745 29.66439
1.088137 2.253783 18.74245
0.3394717 1.748269 20.71615
5.244197 7.237469 20.70349
-3.579451 2.120437 29.35016
6.215494 3.308971 28.19476
2.283571 2.027807 20.28599
15.25757 12.75485 38.51407
-4.755313 -2.603536 25.97968
-15.80537 -17.31361 35.58145
3.558447 2.208382 23.7631
4.404504 8.28798 9.409208
-2.363627 3.503712 28.96333
-2.871676 2.133147 28.25004
2.032892 3.769256 20.4521
-14.09099 -7.994759 39.82582
-2.975865 -4.785585 19.29248
-8.617286 -13.30579 19.42278
3.739864 7.246269 7.737112
-15.96059 -11.77996 40.91691
-0.7184467 -1.356399 15.34263
1.349996 -1.952402 25.41473
3.12895 5.430115 12.73682
3.687815 6.743769 10.44711
11.3513 5.760659 36.04558
0.2105975 -1.741593 22.50631
0.7393503 2.092903 20.1374
10.45313 13.43977 25.63935
1.438315 2.730198 8.329593
6.769978 11.68522 14.23769
-12.48107 -12.57531 32.12396
-2.518117 -4.124838 18.02886
-2.830287 2.161685 28.21587
15.20971 16.70773 34.64903
7.549162 -2.774012 35.89327
-3.331461 -3.923007 19.53421
1.127101 2.109548 17.21118
-0.3720411 -1.020396 17.27114
13.89364 13.06836 35.03344
-4.936634 -2.554789 26.4389
-4.098094 -6.203621 19.99709
10.12713 16.91717 17.98877
14.01819 8.697972 39.12982
-5.958629 -9.309466 16.91836
6.203394 10.73192 13.81399
-9.099367 -3.516169 33.59711
2.906113 4.945357 13.62434
0.317325 -1.322774 21.84735
0.06497848 -0.9809468 19.93603
-14.79384 -10.25889 39.55196
0.4453684 0.6787743 12.93581
6.05926 -3.44631 34.17355
11.75053 14.56253 27.77481
16.56285 14.54292 40.03702
9.166646 12.92525 22.16612
4.195888 7.241745 13.18806
10.01638 18.40447 13.85728
-12.14501 -16.73246 25.90838
7.940489 13.78838 14.79416
-14.08374 -18.1812 29.85859
-5.690141 -8.511273 18.94341
8.44667 14.59286 15.33158
-1.569686 -2.683753 15.00329
-1.109466 -2.08105 17.1798
13.92806 7.581236 39.80299
3.502665 -4.000537 31.03377
13.75688 7.226419 39.72011
-4.580882 -0.462672 28.26914
3.075995 5.740478 9.364784
-1.246315 -2.240691 16.68204
14.56897 16.15609 33.56077
-13.51083 -15.83119 31.10055
-0.2983268 -0.9927539 17.78149
16.28597 19.89456 34.15754
-3.244585 -3.084265 21.20618
1.572089 -2.002161 25.89693
-3.42766 -6.306262 10.18531
-12.09849 -6.82721 36.6659
2.432389 0.6915029 23.5219
7.834171 13.40798 15.25832
3.24706 4.527852 17.33559
-12.67295 -19.30795 23.68093
11.2872 8.682802 33.31512
1.781985 1.45093 19.85471
-15.58081 -18.53801 33.68649
-1.144337 -2.113498 16.97739
9.744267 16.42133 17.32959
-5.094964 3.283017 32.6562
10.23669 4.522453 34.90294
9.884655 14.5935 21.70415
5.641438 9.760838 13.49855
3.690799 2.097874 24.2693
2.659535 -5.020284 30.83419
-7.801821 -11.73676 19.32262
11.96886 5.997713 37.07723
4.724069 3.329402 24.87617
-16.37321 -16.23551 38.07348
0.4590226 -0.8784315 21.18954
-12.54138 -16.74601 27.13314
10.88021 14.78823 24.80379
15.41425 15.6749 36.21233
1.397701 2.435879 16.09024
-3.217851 2.775802 29.46502
5.554304 7.741218 19.18318
5.72261 3.029336 27.50306
2.80421 -0.8252436 26.56737
-5.905248 -10.44826 12.83892
-10.70693 -1.76061 37.89903
-0.843321 -1.77772 17.84018
4.89504 0.7813005 28.48853
-9.265903 -13.24032 22.11755
1.959528 3.288267 15.6688
2.440157 3.793038 14.84034
14.39762 12.48067 36.76814
14.07518 13.1768 35.35711
-1.099364 -3.814445 23.71144
12.59462 4.691243 39.28814
-1.329854 -2.203561 12.76705
12.27117 4.711171 38.65248
8.863776 12.96256 20.98631
5.641357 1.290321 29.31118
14.00531 14.68989 33.66282
-2.272603 -4.017918 11.83544
-8.5168 0.3740771 35.69473
10.58876 17.14727 19.53252
8.85746 12.2178 22.64766
-0.2557331 -0.9819121 18.06663
2.529137 4.862554 7.815682
14.58931 18.13797 31.37529
7.050126 3.5559 29.61145
15.28164 12.94675 38.40409
0.6277174 2.067628 20.56011
8.323546 13.28872 18.13959
-14.8943 -21.20761 28.39985
0.7659686 1.365288 10.49406
-1.967696 -2.162815 18.52247
3.011419 4.060347 17.62819
16.02298 18.56842 34.85915
8.073375 12.9421 17.82503
2.565715 4.96807 7.481507
3.274995 5.694274 12.673
5.168988 8.926735 13.32169
0.9446849 0.7287927 18.17877
15.10834 12.22043 38.63151
4.572179 3.023627 24.96607
0.2153553 -1.074836 20.85074
2.478337 3.880859 14.71258
-0.3695879 1.80032 23.05037
2.482581 4.247991 13.4191
5.115984 7.364318 21.12943
10.87481 17.72121 19.57535
-7.389644 -12.95149 14.05875
5.698633 8.125853 20.77952
4.637831 2.176351 26.29535
8.233345 11.65098 21.19539
-10.56904 -4.231921 35.77439
-3.869378 -5.926581 20.32266
-1.076853 0.8098404 22.87119
-5.62317 -9.341997 14.89599
1.069782 -1.269377 23.72274
13.3013 12.54231 34.13927
-6.095558 -10.78048 12.95129
-11.94817 -9.005229 34.45658
2.756937 4.72537 13.2947
-15.42478 -14.27302 37.55891
-5.266934 -2.284236 27.46801
3.33483 5.523236 14.85498
-12.42449 -19.87364 21.78627
-12.00037 -1.925327 40.0987
15.46146 15.05336 36.92386
-12.48999 -13.81758 30.75685
-1.08946 -1.917554 12.98204
7.042359 12.15397 14.41228
-1.797936 -3.136322 12.62083
1.514345 2.532497 12.66159
1.387706 -1.557888 24.88941
3.579674 -1.129427 28.29334
-3.437152 0.5185908 27.33747
2.093744 3.752265 19.94505
-11.63309 -16.06949 25.29273
-7.907356 -15.35694 9.556988
3.635217 -4.950114 32.02767
-8.820775 1.43032 36.94394
2.209839 0.8726989 22.60694
4.438903 8.649527 7.677103
0.6524704 1.793162 19.37166
0.6856163 0.8749529 15.1667
1.592894 3.552051 21.63893
-13.33318 -21.00914 23.30855
-3.510254 -0.03341398 26.79196
12.33925 19.10446 22.79789
2.72581 0.5461653 24.45757
1.194104 5.816732 26.92027
-7.259609 -14.20444 8.767997
-12.06216 -7.263724 36.22859
3.41332 4.904573 16.97503
-2.255307 3.507461 28.81162
0.583172 -0.4829384 20.55778
0.5543036 0.9298017 11.76543
-0.2698438 -1.589252 20.49323
1.477325 1.32372 18.87549
14.05374 15.15497 33.2934
7.789284 3.262677 31.34871
-15.47859 -16.0771 35.97999
9.641822 2.928763 35.09781
-1.749072 -4.789001 24.36478
2.744423 4.724528 13.08839
14.42063 17.46382 31.69243
-14.89023 -14.75047 35.80976
4.294312 -1.789733 30.13571
1.47357 2.614282 10.94421
11.6196 12.98936 29.47485
12.22884 11.14393 33.00021
-0.4297084 -1.735944 20.29065
12.54205 7.922017 36.67225
-11.23638 -18.17355 20.1812
-13.81621 -13.76946 34.1421
9.861583 16.2568 18.23318
3.546673 3.223136 21.88588
6.891186 9.779792 20.82217
2.035982 1.719366 20.13774
3.211549 5.58247 12.67565
-2.660613 -4.579603 13.10016
5.72599 0.458627 30.30924
13.71187 10.80687 36.70803
3.277131 5.207014 17.34838
1.43875 2.957575 20.04607
2.634439 0.7069209 23.98619
9.929941 2.986796 35.57792
6.28218 1.931514 29.82873
-10.0229 -15.25905 20.97013
5.917425 8.04385 19.94941
6.760337 -0.6936064 33.07627
4.225879 1.839653 25.86538
3.223529 0.2268542 25.97957
7.201646 -3.910589 36.16141
1.946278 3.267498 15.70423
1.298962 -1.959023 25.32785
2.110103 -0.9792528 25.45829
9.704407 4.715162 33.70312
-2.334684 -4.024648 13.07441
-1.240696 2.151879 25.50402
-4.581056 -8.092032 12.34488
-13.90308 -7.474727 39.83198
-5.525969 -9.840845 12.38559
-0.06551797 -0.2400263 14.07117
-12.66285 -17.8165 25.97316
-5.612164 -9.947055 12.62599
-4.044809 -3.139136 23.46389
2.013299 3.373479 15.52888
2.272975 1.24208 22.04808
2.652966 4.326622 18.52789
9.665418 15.00279 20.11475
1.232057 2.31276 17.73041
-15.88959 -13.68742 39.18013
-3.531124 -5.615287 21.32535
3.233609 5.367323 13.68592
5.304927 9.218187 13.30695
-1.274819 2.157128 25.57484
-0.5811837 -1.467757 18.21777
-0.07300692 1.799248 22.24835
2.352366 3.876525 16.38439
11.1089 19.8153 16.15898
3.226484 0.3849467 25.76938
-11.57114 -2.854357 38.68176
16.54168 14.32814 40.16903
-9.785202 -3.792993 34.65438
9.767527 5.384664 33.22487
-1.267411 -3.146757 21.54385
3.007745 1.973169 22.72057
-12.28537 -19.11314 22.58591
-0.9714301 1.908781 24.60392
11.67455 8.49954 34.32285
-3.777003 -5.99269 15.16328
-11.43482 -7.991655 34.28589
-1.409651 2.022499 25.62857
-7.52946 -13.24518 13.99446
11.43218 8.310744 33.9761
0.5395682 1.80228 20.01492
0.301022 -1.319542 21.78876
5.912975 10.07538 14.20387
7.753502 2.244352 32.23515
8.595536 14.81898 15.54221
2.179365 3.704997 13.91754
-12.3221 -13.71627 30.43846
-6.265931 -11.16431 12.72566
-5.038023 -2.297813 26.98157
7.421507 12.06087 16.78173
13.37149 19.55613 25.7333
6.047465 8.606453 20.69327
13.23282 14.11973 32.31079
-3.994512 -2.755716 23.96876
13.98961 14.87472 33.42788
13.42692 17.88993 28.2733
6.25494 10.13587 16.06961
5.134381 0.4165059 29.31423
1.172158 2.204814 8.780234
3.693993 6.932216 9.292241
12.83855 20.98232 21.44738
-13.23906 -15.10558 31.2291
0.04607918 0.4307347 16.49684
3.243255 5.885272 23.74196
5.081362 8.114932 15.75463
-6.735502 -11.0376 16.22884
4.667814 -1.493059 30.43856
5.216855 9.029753 13.26352
0.07317542 2.774352 23.9149
3.382673 0.4490126 25.99892
7.567226 4.00731 30.17273
6.0853 10.71889 13.11473
-10.35528 -4.344424 35.27541
3.372501 5.501736 15.58599
2.921851 0.1452348 25.48037
3.613655 2.977162 22.56033
6.434548 -1.488643 33.21002
0.2273917 1.944741 21.6864
0.1480725 0.4539709 15.22977
7.8178 13.39991 15.22901
-9.36538 0.5112097 37.19504
14.80319 11.09166 38.8936
3.601454 5.721355 15.03329
12.97099 18.92089 25.33544
-2.986188 -5.169186 12.83785
8.27205 13.17524 18.18059
-16.31264 -15.46218 38.62984
3.475038 0.1818695 26.53426
-4.365274 -5.989675 18.4914
-11.45544 -18.42479 20.59915
7.682242 -0.2102062 34.19245
8.428726 0.9588697 34.52184
1.468996 2.974914 19.94804
3.886098 6.20494 16.47075
-3.961359 -6.976274 12.27437
-6.454889 -1.360132 30.71773
-4.650062 -8.293082 11.96133
7.406677 2.418757 31.43641
-6.941847 -12.21543 13.62327
3.766642 5.644962 16.43677
2.26241 4.159339 9.8113
7.330317 12.16683 16.12298
10.54236 6.808671 33.49224
-15.43574 -13.33397 38.42479
-7.853951 -1.937619 32.69149
-13.98085 -5.606661 41.33574
3.034591 -1.8486 28.19418
6.358596 11.01517 13.85303
3.333936 5.239615 18.99822
9.478546 4.758624 33.22234
-4.058278 -7.500889 10.15908
2.70301 -2.036858 27.86923
4.077771 2.979534 23.81532
5.306333 2.454227 27.34039
6.558542 0.7270294 31.49874
0.3481384 3.27938 24.26857
11.15957 16.61678 22.74679
-2.614732 -4.4991 13.12063
-9.641491 -5.00096 33.32869
-0.8448708 -1.513601 14.11915
-12.1509 -6.939253 36.68023
13.19861 6.530958 39.11588
9.588538 16.02818 17.50824
8.124229 2.879373 32.34007
-2.743549 -1.429937 23.00424
-8.100154 -3.522106 31.69879
11.68361 16.74728 24.39056
2.14173 2.762718 17.32929
4.036533 5.57047 22.71065
-9.626199 0.7580703 37.7959
4.128724 5.669093 22.48673
5.504356 1.346007 28.99711
-1.463992 -2.527776 15.80348
-0.02298572 -0.7686912 18.63659
-16.37094 -16.05311 38.23605
8.852924 15.15937 16.00261
13.62648 15.9665 31.26603
-4.67941 -6.953501 19.76144
4.487373 -1.952228 30.59092
0.4092961 0.5768174 13.56693
-4.884024 -9.231628 9.391439
-1.349093 -2.646734 6.60629
9.31655 15.56495 17.28644
6.575176 11.48014 13.67719
1.355262 3.335692 21.81401
6.571695 11.30233 14.25194
-2.25423 -4.852324 23.39306
-9.424956 -13.40208 22.37825
-2.827892 -4.042557 16.61428
12.13781 8.666295 35.16767
-2.497091 -4.969371 6.002233
2.090356 5.055981 27.68333
8.632999 13.13831 19.71645
-4.782892 -8.430892 12.37034
-1.929311 -3.275085 14.31441
1.692691 1.184338 20.23139
-15.84905 -11.65133 40.76931
2.600425 3.61013 16.86591
4.91153 -4.731093 33.54053
17.26043 16.47926 40.05414
11.28553 14.00679 27.18499
0.06470319 -1.279937 20.87502
2.980184 3.836368 18.19494
2.849514 3.599875 18.28833
-0.9802983 -1.973904 17.86173
12.36245 10.06162 34.37182
12.03853 7.092533 36.32376
-5.272443 -9.538019 11.59203
14.10586 18.98724 28.88926
-7.148254 -12.55388 13.82717
-1.428386 -2.462684 15.259
-3.043912 -5.577419 10.28046
4.635979 6.701918 17.76635
-2.778715 -5.070913 10.41352
13.72653 8.614032 38.58266
0.4026593 0.220408 16.6905
-10.36701 -5.285528 34.50291
10.52321 17.07432 19.40382
-11.04333 -6.049744 35.18979
-0.1458903 -3.859398 25.60828
3.208505 5.109316 17.31106
16.49355 13.8937 40.42031
-2.533915 -4.612191 10.49268
3.354225 1.522766 24.37293
-1.339356 -2.355858 16.27564
10.89991 16.22984 22.51467
-3.839445 2.113909 29.74656
7.461609 12.83041 14.82523
0.6936705 0.9070061 15.00822
15.0141 12.5243 38.15417
-0.7347032 -1.561749 17.38152
-12.50296 -8.58054 36.02869
-2.234984 -4.14452 9.568561
13.14142 18.97269 25.83563
-6.47682 -9.854951 17.98082
15.0634 16.01822 34.98128
-1.642292 -0.8873176 20.81461
-12.43189 -13.22639 31.28438
4.44241 7.615344 13.23096
14.11266 14.0722 34.56559
2.565222 4.059386 14.53863
-0.08185372 -1.04018 19.43061
3.429753 5.965715 12.68122
1.410891 3.500881 22.11627
1.631427 3.083556 19.42232
1.33653 -0.1469766 22.21892
6.609872 9.350977 20.37611
10.14595 1.13311 37.36005
-4.975071 -1.798066 27.46596
15.08179 14.42003 36.59494
5.263624 10.23237 8.121714
14.69764 10.00992 39.54203
-2.696235 -4.814967 11.39517
-3.286033 -5.720794 12.61852
-8.367256 -14.48247 15.2197
-1.818216 -3.240194 11.47496
0.571791 -0.9126421 21.65016
-4.77341 -8.44279 12.36067
-15.6256 -10.24756 41.36711
11.73991 10.83692 32.18868
2.8571 3.624028 18.24992
-1.7972 -3.048545 14.75405
-6.515488 -11.13157 14.46292
-11.81407 -19.17543 20.63275
-3.239713 -5.636953 12.63645
-4.645261 -1.824765 26.76622
7.845137 13.43304 15.24813
-8.31491 0.6347548 35.55645
7.929428 13.07437 16.75286
0.6158614 -0.4976413 20.72379
12.27676 13.02714 31.09044
1.713645 2.9111 15.03181
11.3269 3.198813 37.98462
-10.61661 0.473 39.25948
14.09673 9.283572 38.8309
1.000211 1.832324 9.654459
-1.79914 -2.66745 15.20513
1.704206 2.894102 15.34447
13.33461 13.35172 33.39659
6.795607 11.95912 13.53531
-2.325656 -4.117435 11.76908
-4.906288 -7.327003 19.21118
12.25642 17.83915 24.58146
-15.5452 -14.52022 37.62332
-7.52061 2.287842 35.50415
3.575544 0.1680145 26.74553
-16.75091 -16.96 38.34886
-1.96972 -2.179347 18.47741
-3.882877 -7.184278 10.05409
9.458074 5.005523 32.9566
-4.412849 0.5119067 29.03591
0.1877288 -1.002463 20.53087
-4.292999 -6.504681 16.55418
2.766903 2.71312 20.38472
10.94038 16.43983 22.25616
-1.286028 -2.283511 16.42058
5.713467 0.4705549 30.27572
0.1668403 -1.765007 22.43693
4.546073 -0.44563 29.19381
-0.1376333 -1.039709 19.12288
4.770466 5.230979 21.77559
4.15481 1.247885 26.5052
6.081869 10.36435 14.29703
15.19241 14.11957 37.14343
11.69023 13.35011 29.20099
-9.261076 -16.46601 14.75721
2.055933 1.019959 21.86237
5.067168 8.930854 12.62403
-0.1525607 -0.3142766 12.18559
-15.48315 -20.43354 31.21523
-15.87299 -16.28783 36.77063
-2.457383 -4.426021 10.68837
4.878452 8.114816 14.86564
9.720016 1.225676 36.55183
11.01294 17.59455 20.39035
2.652124 -1.564171 27.22392
13.61566 18.97325 27.37563
4.600357 7.755644 13.8661
-11.88819 -8.833134 34.48534
-14.0045 -9.337145 38.59067
-14.02907 -6.812011 40.57723
1.503642 2.586371 15.70278
-8.971562 0.8380966 36.77573
0.5237367 0.04622918 18.46806
15.38456 22.77848 27.86476
-9.43747 -13.97951 21.18667
13.03239 9.797475 36.09866
0.04025609 -4.895759 27.32264
12.63055 4.680463 39.36487
14.60094 10.22728 39.157
0.9443928 -1.90016 24.53421
-6.656858 -9.876718 19.42887
9.005176 12.58035 22.22303
-1.008806 -1.980483 17.59175
1.737742 2.950118 14.96195
6.712364 9.927907 18.8589
7.601712 12.25283 17.32253
-2.868591 2.781203 28.94702
-16.36638 -17.98344 36.37496
-1.020062 -1.820061 11.84561
-1.666106 -2.836069 15.02037
10.7986 16.918 20.85079
-9.098005 -1.003491 35.64026
-4.348984 -5.711974 19.15725
-12.91751 -5.211139 39.53595
-5.02262 -9.085573 11.48909
4.755684 8.406276 12.3799
0.3186688 3.281427 24.33228
8.01485 13.92791 14.81416
-0.8018784 -1.839949 18.59965
-8.269194 0.5008785 35.38175
1.697811 -1.37319 25.22525
3.163121 5.170851 14.07081
3.847493 6.612352 13.27728
6.466334 10.50431 16.39246
8.769543 15.06855 15.80354
7.431892 11.71287 17.73503
-1.31468 -2.371058 10.95148
9.078729 14.24359 19.2862
0.8726409 1.618654 9.544267
-8.506951 -14.69416 15.40186
3.02842 4.978073 13.85712
-7.934303 -2.129528 32.66819
-5.515028 -9.781426 12.55333
5.065361 0.3406644 29.2716
3.647491 5.669344 18.50282
-4.613458 0.4923104 29.3564
-4.911509 -7.281931 19.57823
-8.317771 -14.42861 15.09572
5.618132 2.135663 28.34023
-10.94616 -4.289425 36.44665
-4.620142 -8.164648 12.34043
3.446549 5.926584 13.18055
6.045075 10.56066 13.43324
-1.79893 -3.394305 19.98447
5.233669 9.262885 12.51838
4.753469 4.362242 23.31069
-3.150805 -5.474116 12.69013
2.606023 0.9528744 23.49957
12.05466 5.342591 37.75871
-1.341518 -3.16838 21.33166
-10.54955 -17.95626 17.63454
1.056989 2.065011 17.72641
3.053509 5.019634 25.37943
-7.381475 -12.2407 16.08201
-5.08514 -8.66029 13.77252
6.823399 3.251812 29.48328
4.729251 -1.310014 30.36131
-3.259541 -5.986196 10.2253
3.038431 5.263674 12.8071
1.944569 3.603799 20.14582
7.009405 10.59227 18.5644
10.71342 17.6138 19.10389
2.722556 4.376638 14.26607
-8.720183 -13.12601 20.09637
9.560472 16.18456 17.00437
14.77375 18.33426 31.66415
9.431581 17.43755 13.10299
8.476488 11.88544 21.83602
2.295078 3.796795 17.47251
-1.36953 -2.422137 12.06064
4.339237 -2.033558 30.43927
-3.32758 -5.232349 18.63173
3.468647 -2.007672 29.06025
-8.742593 4.025109 38.51691
-3.291984 -0.5925799 25.61459
9.951272 16.3865 18.35125
-0.7962293 -1.45672 14.87201
6.207825 9.300335 18.16158
3.83886 6.73269 12.41733
-5.08006 -7.526508 19.47268
3.459151 4.472027 18.58565
1.657753 2.976818 10.57939
7.147653 11.6361 16.53033
1.321364 -5.184401 29.30403
-4.428328 -8.371213 9.213641
2.782869 4.490645 18.05196
2.464114 4.130111 14.57661
-5.196216 -8.595486 14.78879
-1.510384 -2.664852 12.11181
12.9248 5.987694 38.97807
7.096018 10.05947 20.91824
1.97442 2.560177 17.08919
-0.5870346 -1.643195 19.08791
5.155574 6.956373 19.42616
5.566005 9.827023 12.76759
10.38547 15.75133 21.47458
-10.50684 -15.37026 22.62898
-0.02583914 -1.27007 20.4888
9.78298 4.455747 34.08298
-10.73949 -14.95878 24.07119
-1.51942 -1.869958 17.00728
-1.757104 3.495589 28.07453
-12.85771 -19.40466 24.18951
-9.944131 -15.47106 20.28659
6.470585 2.894461 29.17155
5.777676 0.4637433 30.3941
-13.54474 -6.32859 39.95781
1.671208 2.861786 16.52762
2.398442 4.016429 14.6931
1.670966 3.443534 20.91976
1.185171 3.357267 22.41998
-15.30949 -5.036404 44.33088
3.856007 -1.581601 29.23294
-10.63342 -5.390875 34.93752
14.92706 23.02664 25.93827
5.345267 7.395153 20.62167
-9.871513 -0.8370374 37.09712
-3.392579 -4.604149 17.86204
6.968516 9.834124 20.1239
11.0593 17.98977 19.81363
-13.44317 -4.390961 41.1252
4.815905 3.658437 24.60643
9.945195 15.98946 19.20587
-5.716444 -10.33362 11.82566
-3.601858 -5.621327 18.20729
-3.033264 -5.263449 12.73224
2.51021 -2.104367 27.63358
-10.70069 -15.52757 23.04076
8.770537 14.90102 16.24634
11.66407 3.079174 38.69292
-4.455652 -1.858097 26.32928
13.23254 9.566589 36.74058
-0.9049019 -1.668767 15.75923
-1.747334 -4.95832 24.70479
6.377922 -0.1921642 32.02038
-0.5722945 -1.463594 18.26557
9.925385 13.30834 24.16645
1.444147 2.507269 16.12144
-0.4255488 -1.737433 20.3145
10.84008 17.52421 19.82649
-1.608517 -2.85426 11.74419
-0.4713992 -1.132272 17.01996
5.872492 -0.1781564 31.16624
8.376196 13.07287 18.77224
3.771453 5.725844 16.17108
3.436616 -0.4600063 27.26606
2.223333 0.8616768 22.66538
2.225607 0.9851312 22.43042
-3.605694 2.12886 29.39953
1.700524 -1.61617 25.58685
-8.032327 -2.057977 32.90629
9.997061 15.03805 21.29309
1.49324 3.521646 21.90191
-10.94052 -15.70338 23.575
2.805668 4.636718 13.60604
-5.699523 -10.10065 12.67191
11.21721 4.697865 36.64065
-5.31303 3.170493 32.87969
-6.433132 -11.67824 11.99992
-3.040278 -5.580608 10.19787
-4.198194 -5.612065 18.76469
1.752596 3.009909 12.06432
-1.986569 -1.661959 20.09707
7.377638 -0.7041045 34.08512
-12.90965 -14.73088 30.77298
-13.71906 -20.54473 25.42974
11.1473 4.08347 36.98753
1.060905 -1.921144 24.80501
-10.81245 -4.098357 36.34379
-2.448146 -4.870448 6.009936
11.315 3.131709 38.01214
-12.11444 -9.953371 33.93002
-3.463749 4.136281 31.10175
14.81548 12.5064 37.7115
7.436169 12.76846 14.86256
-16.53885 -19.3085 35.48322
14.82818 14.46163 35.93746
-5.501169 -2.505566 27.67842
5.854458 7.925811 19.96808
-5.0652 -8.980658 12.37309
6.810574 3.46231 29.23238
2.256926 3.840769 13.80474
17.23045 14.60772 41.5661
1.052389 1.76939 12.23813
-8.791195 -12.7197 21.40676
-7.965445 -11.8116 20.14163
9.636032 14.95395 20.09612
-11.56537 -2.893509 38.64342
-0.804829 3.460692 26.58549
12.18725 2.481903 40.06541
5.931837 2.779222 28.22751
3.321242 5.716352 12.60946
14.07641 17.59743 30.56673
0.358202 0.675009 12.57866
11.35906 14.3044 26.9881
2.086589 2.568187 17.74054
12.68492 7.957469 36.94011
0.4354005 3.267205 24.06459
6.67586 0.7758864 31.65721
9.786676 16.47249 17.4121
0.9290987 1.936847 18.11126
4.098642 4.352847 21.35183
-4.392159 2.66705 31.10451
-9.501862 -4.834968 33.20376
7.609051 12.34649 16.96859
-13.81187 -17.32991 30.13282
9.910477 1.464756 36.70769
-7.834338 0.7849553 34.88733
-1.077569 3.601552 27.18873
6.825499 0.1847731 32.43898
13.51863 12.15943 35.01957
2.603489 -2.110048 27.79216
-13.45826 -20.23346 24.99919
0.4942541 5.890586 27.87295
-1.530432 -1.099306 19.81534
4.850193 8.372939 13.17814
-0.2884818 3.403367 25.65599
10.76214 14.72416 24.52202
3.885581 6.598642 13.28897
6.686003 -0.7267129 32.98341
1.805333 1.411777 20.05758
12.96812 21.83924 20.42591
-3.573617 -6.622517 9.88863
0.03936624 -0.7754145 19.03849
-0.9717153 -1.716608 13.4832
14.60953 9.838569 39.48812
-0.726551 1.870326 24.0202
-2.834335 -4.566889 17.35352
3.826363 6.712812 12.4011
1.841609 2.338614 17.14679
10.91007 15.46472 23.81854
7.799479 13.55186 14.67526
13.65078 11.2384 36.18805
-0.8722726 -1.686384 7.351771
1.520051 -1.336329 24.81189
10.91654 2.638276 37.64261
5.757576 9.260303 16.41986
-14.0077 -17.00918 31.07685
-2.876789 2.18069 28.31107
2.26566 2.220667 19.70411
0.2837922 3.347274 24.51933
-2.770332 -1.405545 23.11942
13.81667 14.9382 32.92439
-6.952166 -12.99383 10.93442
7.014149 11.42584 16.41716
-11.74396 -6.790333 35.98005
-7.997663 -13.91285 14.75934
-6.014501 -10.64147 12.89335
11.47907 13.22649 28.81093
-3.960234 -6.165007 17.77052
1.997243 3.64169 10.08467
-1.932657 -3.827413 6.171626
-13.42776 -4.44631 41.0579
-14.81479 -10.44136 39.45116
4.726025 0.369586 28.63617
-4.643248 -8.600648 10.26482
6.0267 9.753914 15.95942
1.227894 2.649669 19.85383
12.81113 18.88874 24.83863
9.554311 4.538467 33.56768
9.08644 14.78892 18.02263
8.984004 14.16962 19.04069
6.312117 12.13554 9.183032
-5.840848 -9.293682 16.336
-0.8532331 -1.870076 18.36093
11.73769 15.84006 25.93673
-12.60603 -12.07098 32.95857
-2.449635 -0.9819648 23.04589
2.410328 4.099296 13.76369
6.685829 -1.364238 33.50452
-4.176797 2.071852 30.22575
-15.17729 -17.97681 33.19784
5.309365 8.285297 17.36808
-3.761834 -6.597728 12.39685
2.717626 -1.550584 27.31959
4.856956 7.844471 15.99052
-0.7694308 -1.377145 12.98532
-10.71117 -18.00747 18.26321
-1.894992 3.662646 28.46137
-2.969273 -0.6981716 24.76751
15.10494 11.90431 38.89154
-0.7192376 3.565054 26.58945
1.638022 1.902336 17.64407
0.9936643 3.270212 22.74413
-1.327943 -0.107707 21.63064
-7.386389 -11.27675 18.59382
3.989683 4.800455 19.9641
4.467667 8.212511 10.50508
14.99554 17.75866 32.94306
-7.121869 1.791962 34.52097
14.7004 18.47356 31.28955
-6.773053 -11.27216 15.54838
-4.204438 -7.370226 12.3269
0.4481123 1.75795 20.28436
12.24935 4.634009 38.66746
-3.565124 -5.009022 17.46696
11.8349 3.338426 38.82424
1.469209 1.511655 18.16602
-13.19931 -9.78374 36.47597
6.539804 11.31385 14.01104
12.44907 8.714985 35.79673
1.601454 3.417636 21.13461
8.949818 4.695337 32.23878
-5.374234 3.313465 33.08258
-12.51658 -7.764564 47.33163
4.948602 7.934683 15.56394
7.215057 10.23407 20.64949
2.145605 3.642651 14.03127
2.81432 4.850043 13.03642
-1.544391 -3.041559 6.420698
-1.001215 -1.766027 13.80561
1.786623 -1.426746 25.47708
8.613121 13.39211 19.08195
7.722476 11.45741 19.61196
17.34775 16.06058 40.63186
7.154488 -1.164406 34.08835
15.18407 16.33795 34.96594
0.02606168 -1.717643 21.91208
1.965092 -0.6561211 24.67572
-5.216249 -2.513577 27.08257
9.374169 5.152423 32.65329
-15.25133 -12.08891 39.06765
-1.298221 -2.282388 12.54642
7.794054 12.4244 17.82005
-14.04269 -15.23576 33.18443
-1.246325 -2.234314 16.58517
1.846349 -1.454072 25.63085
7.371986 11.90934 17.09974
-11.38578 -19.23687 18.69724
-4.012799 4.074691 31.79616
12.54232 10.85141 34.02013
12.54929 19.17002 23.46465
-1.569581 -2.054671 16.50743
15.44964 15.89594 36.08514
12.01187 10.7797 32.86393
2.825842 4.800568 13.71429
6.685638 2.074069 30.43523
-8.105264 -14.69949 13.04998
1.010719 1.387796 15.22604
-0.03040297 -0.7681734 18.58698
-0.9009615 4.104638 27.54602
-9.236982 -14.13127 20.10099
11.99768 3.884545 38.73615
-10.22802 -14.25794 23.61133
1.914929 -1.264082 25.48909
-9.086913 -17.35582 11.22732
14.44575 18.28969 30.77883
3.012619 0.4634641 25.21208
-0.0326331 -3.870371 25.81292
4.296217 6.007641 18.11702
-9.561692 -3.39619 34.5645
3.893737 7.315108 9.3056
-1.594659 2.294635 26.33737
-13.19898 -19.53376 25.17913
-0.8821456 -0.6406257 18.16297
-7.988197 -1.263267 33.51068
-2.445501 -3.616533 15.7656
-1.969656 2.067265 26.68432
3.295731 5.901617 23.65411
3.183304 -2.123681 28.73373
-0.8870429 -1.119073 15.72399
14.19242 8.305321 39.79928
2.514116 4.285607 13.60666
5.283928 -1.758786 31.64649
-8.72841 0.1702748 35.89448
-6.130351 -9.180847 18.96942
-15.82572 -18.36005 34.54683
-13.55733 -20.97601 24.18647
-0.05264903 -1.041586 19.58647
7.709201 13.42524 14.52463
2.165838 -1.685892 26.53153
8.014148 13.69334 15.44801
11.63524 20.46478 17.26625
-0.4420569 -1.416794 18.94993
2.683812 2.730615 20.02565
-0.3822289 4.054066 26.72163
-5.536466 1.802986 32.07561
4.1444 7.295765 12.34476
5.884644 3.27887 27.54174
-6.894706 -12.15499 13.51884
5.657932 8.353991 18.08491
-0.6896726 2.061361 24.2734
-15.14537 -18.17974 32.8844
-9.810428 -16.53712 17.37488
-1.847926 -3.133235 14.61993
-11.87226 -18.94884 21.28738
1.154975 -1.804704 24.80895
11.22701 15.27306 25.1684
13.57802 16.08375 30.99608
0.763086 1.83795 18.8746
13.56412 19.58232 26.33657
2.020738 2.230041 18.56675
-3.733094 -5.908323 15.19956
9.713188 2.996434 35.17408
2.154545 0.8729793 22.45237
2.787444 4.601116 13.62944
-4.28577 0.001935158 28.25914
2.613198 1.385782 22.73383
-5.451354 -2.286797 27.837
-13.20062 -17.0808 28.6799
11.94146 12.53553 30.81795
-10.99322 -5.964669 35.16217
-6.840863 2.619743 34.71159
6.548856 9.313011 19.60464
12.98083 5.445164 39.48938
-1.124504 -1.974345 13.14829
0.5822385 -1.693898 23.3634
6.45859 1.989401 30.0984
11.64611 12.92745 29.61876
2.160633 3.669104 14.00176
14.68775 21.71622 27.01393
-3.835186 -0.4894755 26.83903
-7.980947 0.9373535 35.23934
-11.12974 -15.82591 24.01713
-16.31909 -17.10491 37.11511
3.891027 -0.4777595 28.09697
-3.466948 -5.38906 15.46684
3.98972 -2.012252 29.87871
10.71497 5.741372 34.79847
-0.6335971 -1.495054 17.93396
5.993298 10.56002 13.05601
9.528427 12.85467 23.72018
-0.2720744 -1.711579 20.86927
-4.007029 -2.742443 24.02175
13.89958 14.83387 33.24858
10.14654 15.37078 21.28772
3.149786 1.813361 23.38844
1.084457 2.073366 17.45841
-3.178135 3.493238 30.11289
1.982348 3.353508 14.51041
4.21139 7.044128 13.92408
17.06037 19.98141 36.21086
-3.146085 -5.805865 9.972867
2.086618 3.539288 14.15118
13.05677 21.91443 20.65581
-15.68797 -18.08445 34.46849
0.5840479 -1.82864 23.62339
2.042665 1.690915 20.23845
-8.896113 -14.80519 17.08736
-8.90094 -13.66535 19.81769
16.20567 9.187616 43.38909
-3.358882 0.5125526 27.18857
-3.002621 -5.210831 12.72479
4.655044 0.7687858 28.05834
13.70095 18.93067 27.70515
-3.055837 -4.884209 14.58425
14.83503 10.59238 39.37354
7.436994 0.4975423 33.20511
1.715428 2.936144 12.14569
7.004722 3.324411 29.76463
-10.49203 -17.38353 18.61784
6.492432 9.991328 17.69899
4.921058 3.965423 24.39933
3.405511 5.936268 12.58376
10.80287 4.381733 36.10097
0.5736235 0.9710392 11.61226
13.83352 15.77048 32.03947
9.599059 13.56081 22.54798
0.1322591 -1.064202 20.49549
12.2235 14.09621 29.69067
12.74428 17.98323 25.99163
-16.22253 -18.15646 35.82083
-1.478916 -1.298657 18.96699
4.343185 2.269198 25.52661
-12.81542 -17.83148 26.44475
10.94602 17.85608 19.60432
13.26452 18.19457 27.36112
-1.611268 2.024564 25.99882
5.805213 -1.720006 32.42059
2.842639 4.708803 13.55999
5.408154 9.555251 12.57648
2.996752 -2.124274 28.43933
-1.915901 -3.252068 14.34635
0.4497759 1.808199 20.4499
1.384811 -1.971222 25.50786
2.21688 3.292423 15.52016
12.77797 8.201177 36.93137
-0.9578249 -1.897603 17.5062
3.107869 5.054258 15.90964
6.7646 2.992585 29.64322
-2.66455 3.506373 29.39643
3.779497 6.406752 13.30017
12.86586 5.132356 39.49268
-0.6788878 -1.438542 17.03331
7.140409 12.5389 13.82639
-4.834182 -7.220758 19.25878
9.076652 0.1228299 36.26132
1.558672 2.668846 15.54935
4.130785 0.1295878 27.82858
-12.87476 -20.59521 22.26872
0.4703368 0.8611914 11.55954
-10.50316 -3.146621 36.50606
-4.317408 -5.884107 18.56229
1.262295 -1.86644 25.1174
-12.0311 -4.672084 38.22115
14.13675 19.45664 28.35895
2.824803 4.579582 14.11355
-7.223908 -11.80079 16.62387
13.47367 11.03035 35.97702
1.149266 3.294592 22.36142
1.377012 2.407786 16.16955
-9.924782 -15.75226 19.58858
12.46774 8.903412 35.66525
-0.3024685 -1.036628 18.00146
8.577592 3.856725 32.29823
0.8877027 1.647917 9.496367
0.3970835 2.482955 22.51193
-7.057478 -2.048799 31.14564
1.214964 2.258083 9.130541
-0.5227123 -1.010604 14.6424
0.8719022 1.929366 18.56248
7.202295 -1.13714 34.14338
-4.257867 -1.909757 25.83843
1.827155 2.730748 15.10332
4.36621 4.812392 21.29088
2.043679 3.206303 14.39791
-7.519036 -13.77776 12.20256
-2.569993 -3.889786 15.44358
8.61012 0.2683896 35.3681
-10.33679 -18.05208 16.39822
-5.010772 -2.300782 26.92125
14.36369 8.835523 39.75036
6.093388 8.365794 19.91832
-9.139539 -16.35979 14.36975
-4.217249 -7.087866 13.77649
9.282252 13.2358 22.01104
-5.347407 -7.915834 17.79844
-14.47923 -17.54062 31.76608
2.595417 4.12082 14.48235
5.420136 9.594582 12.59209
6.324312 9.906221 17.56437
-7.842367 -14.51678 11.93245
7.607182 11.49123 19.05354
2.023977 3.028559 15.24457
6.61703 0.7510786 31.57797
9.5457 15.6267 18.20868
-0.2596637 1.845861 22.86331
4.578075 0.7673662 27.91616
-14.44091 -9.084185 39.72115
6.953963 -1.260845 33.84595
0.3784205 0.3020368 15.86779
-13.24704 -9.089469 37.17843
1.072683 -1.292597 23.77107
9.837078 2.427331 35.84948
1.922889 2.577957 16.6645
-12.69068 -19.36328 23.65809
9.507493 2.788386 34.96571
-8.032479 -12.21053 19.2362
-2.141716 -3.963599 9.652344
-3.082522 -5.293594 22.16384
-0.4015829 1.847538 23.22505
2.530051 -5.203543 30.8353
1.621472 3.063618 8.480086
-10.9744 -2.092298 38.14057
3.118519 5.330047 13.41851
3.74504 5.973152 16.58293
4.565348 2.194563 26.11587
1.760642 -1.233191 25.1401
-8.087609 -14.06788 14.82473
0.4669034 -1.807661 23.30576
-2.552489 -4.377771 13.28786
10.19683 16.69734 18.78355
-3.733594 -6.54584 12.40529
-3.521817 -5.504877 18.32286
-12.29892 -16.1411 27.26322
0.3406292 -3.150559 25.36398
9.981961 4.280451 34.61537
12.82669 1.267721 42.00846
-10.45842 -0.06069687 38.63981
3.291388 5.447247 14.89797
-0.2965543 0.5174366 19.41407
1.26761 -4.998511 29.04368
12.0546 15.86452 26.88294
-1.649006 -2.847053 11.86559
-14.68729 -7.399481 41.49114
-2.079279 -3.761632 10.73211
-11.59694 -14.80449 27.04363
11.06334 15.19855 24.75535
-1.468703 3.635439 27.81214
2.006241 -1.977478 26.63136
11.55885 3.488499 38.20345
-11.65958 -18.75968 20.79011
3.585978 2.182901 23.87445
13.09463 16.63657 28.95013
-1.717925 -3.053084 11.63301
-1.44021 -2.494559 15.91677
15.24677 12.77714 38.4706
9.837126 18.05022 13.77865
-3.804353 -3.035036 22.99303
5.806182 8.842886 17.46756
-4.505875 -8.333064 10.24981
-1.478044 -1.643117 17.70567
2.603738 4.336905 13.29868
4.819737 6.217711 19.83618
-4.278345 -7.958386 9.934005
13.61918 19.49628 26.64638
3.471452 5.97192 13.166
-0.9150024 -1.630063 14.25694
13.30661 17.67106 28.21052
-1.757024 2.726122 27.16269
8.143292 14.13105 14.93766
4.920628 7.526464 16.75395
-11.97788 -16.15037 26.26525
-11.77596 -18.68178 21.39769
6.090393 10.63836 13.46169
4.468393 7.882246 12.36312
-6.253694 -1.289461 30.42529
12.58848 5.827036 38.435
1.481312 1.657763 17.66621
-0.9207379 -1.632988 13.72606
-14.83772 -18.80043 31.29308
-5.634014 -8.42568 18.94856
3.656031 2.879378 22.85984
4.335288 7.610674 12.32832
0.1530263 -1.73334 22.32603
1.705396 2.188287 16.87713
-0.3024923 -1.728536 20.80219
-8.929897 -15.31284 16.00496
-1.379576 -2.430321 12.30656
-11.65188 -3.020423 38.71223
2.360089 1.759217 21.20266
-12.74246 -4.802197 39.49237
2.51097 4.146611 18.70214
7.062605 -1.136795 33.92054
4.018877 6.687649 13.98682
-5.557856 -9.857069 12.57419
-0.6788622 2.594222 25.12318
1.695977 2.154939 16.95998
-11.2971 -18.82222 19.15445
-1.09565 -1.930874 14.82406
-7.845542 -13.66868 14.57169
4.600009 6.928646 16.88995
11.48436 16.84727 23.51373
-8.009999 -12.51473 18.44224
13.20323 5.915387 39.58259
-1.967815 -3.626581 9.834202
-14.92372 -10.80214 39.39832
15.05747 13.66939 37.23483
7.280964 -2.231416 35.09476
-15.3593 -17.1427 34.58815
-4.52208 -7.995339 12.28436
9.28922 1.260009 35.77609
1.546053 1.065875 19.97527
-10.92275 -16.79502 21.54617
-2.564702 -4.784452 9.33656
13.0693 18.48068 26.31991
1.909404 2.323438 17.62934
-10.93061 -18.262 18.70408
3.04424 4.018289 17.94047
7.542556 12.96953 14.9237
1.03122 1.725517 12.33095
14.76538 10.26795 39.4822
9.035932 14.23579 19.11778
2.7097 4.657254 13.1666
2.887345 0.5945751 24.74434
3.828123 0.2774866 27.09014
