2000
3
56.4339
14.01819 8.697972 39.12982
7.458545 12.04363 17.16983
-0.2698438 -1.589252 20.49323
-0.6788622 2.594222 25.12318
0.9447954 1.956134 18.09333
-14.81479 -10.44136 39.45116
2.608672 -3.330555 29.13618
-9.393631 -13.75835 21.44404
-2.480582 3.679691 29.31177
-1.327943 -0.107707 21.63064
-12.00037 -1.925327 40.0987
11.3513 5.760659 36.04558
13.55834 7.400937 39.18242
5.32537 0.8330897 29.21684
-3.945006 -4.502853 20.49286
1.695977 2.154939 16.95998
-15.42478 -14.27302 37.55891
-13.78888 -19.58515 27.07301
10.71497 5.741372 34.79847
-4.292999 -6.504681 16.55418
-5.451354 -2.286797 27.837
4.878452 8.114816 14.86564
9.884655 14.5935 21.70415
14.80881 18.26038 31.85011
-15.41836 -14.14738 37.65875
-1.246325 -2.234314 16.58517
-1.108364 -2.089234 17.28025
-0.7347032 -1.561749 17.38152
9.374169 5.152423 32.65329
0.5840479 -1.82864 23.62339
-11.04333 -6.049744 35.18979
-5.675669 2.604264 32.95496
5.366453 3.614627 25.97772
-1.072093 -1.883472 13.49504
-4.620142 -8.164648 12.34043
16.02298 18.56842 34.85915
1.514345 2.532497 12.66159
-11.65958 -18.75968 20.79011
-13.27691 -17.02475 28.97769
3.177751 3.1519 20.82795
9.431581 17.43755 13.10299
-9.233008 -14.62978 19.09127
4.677215 1.749314 26.92676
-13.11565 -12.55752 33.66955
1.841609 2.338614 17.14679
-14.45211 -14.62785 34.84684
-3.895159 -3.545047 22.31624
2.950895 5.102872 12.88202
8.858459 13.88144 19.14893
-5.690141 -8.511273 18.94341
5.438508 3.587498 26.17808
-7.52061 2.287842 35.50415
8.029323 12.83415 17.89104
16.218 16.63411 37.30937
-3.986651 -7.055255 12.0721
-15.13584 -8.804823 41.40057
6.429398 9.667387 18.24129
6.764342 11.71133 14.18123
6.575176 11.48014 13.67719
-7.25706 -12.73198 13.93526
7.383977 12.93547 14.0746
4.947026 -1.439832 30.83056
4.770466 5.230979 21.77559
-11.73263 -4.173133 38.02465
-0.5465033 -1.733791 19.71357
-0.2336939 -0.440249 10.81073
1.63757 3.433187 21.03326
11.00198 7.684657 33.64145
6.242996 -0.05451543 31.67324
4.438903 8.649527 7.677103
2.106708 3.035124 15.90586
11.12807 13.48638 27.51541
4.738799 8.154333 13.23904
12.18725 2.481903 40.06541
10.01638 18.40447 13.85728
5.326093 3.063376 26.61702
-6.718475 -10.24444 18.10814
1.679653 3.498318 21.09345
-8.269194 0.5008785 35.38175
3.446336 5.718838 14.75288
-5.461425 3.288941 33.18883
2.57289 4.25269 19.06277
6.482547 2.632065 29.47664
1.719198 2.928528 16.37179
-3.796778 -3.051117 22.94335
11.66512 6.031583 36.44907
0.4092961 0.5768174 13.56693
-1.286028 -2.283511 16.42058
12.22884 11.14393 33.00021
-1.379576 -2.430321 12.30656
-12.85771 -19.40466 24.18951
3.007745 1.973169 22.72057
5.244197 7.237469 20.70349
1.503842 2.58738 15.73781
-3.78973 2.108745 29.66439
3.588973 0.3054174 26.59661
13.82167 7.395381 39.72523
6.825499 0.1847731 32.43898
0.6936705 0.9070061 15.00822
13.31333 6.819609 39.12767
2.017404 3.449334 18.22839
-12.11216 -3.750209 39.04794
-4.763518 -8.824463 10.30547
0.5543036 0.9298017 11.76543
-2.363627 3.503712 28.96333
3.547795 5.80256 15.41179
8.143292 14.13105 14.93766
-3.384362 -5.495776 21.59142
-15.6256 -10.24756 41.36711
5.081362 8.114932 15.75463
0.2965949 1.746636 20.88087
-5.738632 -9.414985 15.69817
7.723609 1.324669 32.99609
6.311079 -1.539067 33.05787
-10.06696 -14.96886 21.75638
6.891186 9.779792 20.82217
-3.994512 -2.755716 23.96876
0.3415157 -1.037084 21.20175
6.548722 -1.443129 33.35228
4.326919 6.921227 16.31971
12.05523 13.03994 30.50722
-15.29043 -19.81701 31.39102
14.94834 17.09991 33.54165
-9.43747 -13.97951 21.18667
2.061654 2.818052 16.57619
7.009405 10.59227 18.5644
4.683367 3.364507 24.72499
2.938171 1.877602 22.70662
-13.42776 -4.44631 41.0579
3.83886 6.73269 12.41733
-6.773661 -12.03075 13.13699
14.42063 17.46382 31.69243
-9.626199 0.7580703 37.7959
0.1322591 -1.064202 20.49549
1.513906 3.002305 19.80241
7.050126 3.5559 29.61145
-2.743549 -1.429937 23.00424
-12.79442 -20.13502 22.75098
-13.16212 -8.828628 37.21665
2.201383 3.416859 14.71435
7.617839 10.79247 20.94247
5.641438 9.760838 13.49855
-3.466948 -5.38906 15.46684
-1.341518 -3.16838 21.33166
-0.9150024 -1.630063 14.25694
15.41005 14.10342 37.67797
2.603489 -2.110048 27.79216
-1.797936 -3.136322 12.62083
-1.857503 -3.315972 11.38305
6.215494 3.308971 28.19476
13.26265 17.69048 28.05065
11.0284 14.01274 26.4206
0.8719022 1.929366 18.56248
13.75688 7.226419 39.72011
5.371422 9.394376 12.95287
-1.51478 -2.597433 15.18417
-4.348984 -5.711974 19.15725
10.89636 15.10778 24.35165
1.781985 1.45093 19.85471
4.128724 5.669093 22.48673
-2.552489 -4.377771 13.28786
6.090393 10.63836 13.46169
5.641357 1.290321 29.31118
-9.501862 -4.834968 33.20376
4.288012 -1.944226 30.27502
13.85243 15.69791 32.17167
2.921851 0.1452348 25.48037
7.929428 13.07437 16.75286
-9.963425 -5.412475 33.5962
2.130707 -2.075571 26.96869
1.056989 2.065011 17.72641
-9.099367 -3.516169 33.59711
-14.73708 -21.05042 28.10566
1.670966 3.443534 20.91976
-14.89023 -14.75047 35.80976
2.440157 3.793038 14.84034
-1.611268 2.024564 25.99882
-12.11444 -9.953371 33.93002
1.914929 -1.264082 25.48909
3.546673 3.223136 21.88588
-1.463992 -2.527776 15.80348
-12.48999 -13.81758 30.75685
0.317325 -1.322774 21.84735
13.83593 15.23883 32.64636
10.38276 14.22091 24.08677
-10.53666 -18.21817 16.98807
4.042171 6.255073 15.919
-2.770332 -1.405545 23.11942
1.262295 -1.86644 25.1174
3.66323 6.384969 12.63956
-1.042492 -1.834308 13.48272
12.9248 5.987694 38.97807
14.02436 19.37282 28.12024
3.847493 6.612352 13.27728
1.26761 -4.998511 29.04368
2.26241 4.159339 9.8113
8.373376 2.607037 33.04626
3.274995 5.694274 12.673
0.4026593 0.220408 16.6905
9.925385 13.30834 24.16645
-13.1724 -5.504402 39.82104
8.748561 14.78893 16.42326
7.554914 10.87092 20.20402
12.2965 15.9257 27.55487
12.32387 12.3528 31.95702
-5.718427 -8.554407 18.94157
-8.4261 -14.86248 14.48285
14.58931 18.13797 31.37529
-4.725756 1.128156 30.17998
3.118519 5.330047 13.41851
-10.56904 -4.231921 35.77439
14.02457 14.30164 34.11414
12.77797 8.201177 36.93137
11.79595 13.66743 29.06248
1.725656 2.93051 14.9968
11.8209 18.7115 21.51942
13.75159 14.50898 33.21908
1.786623 -1.426746 25.47708
-13.51083 -15.83119 31.10055
14.00531 14.68989 33.66282
-1.96292 2.336486 27.01457
-4.990252 -8.909501 12.04633
-3.040278 -5.580608 10.19787
7.147653 11.6361 16.53033
2.668804 4.99893 26.36271
4.91153 -4.731093 33.54053
16.66612 16.95515 38.13918
-4.623088 -7.129495 16.36502
-12.50296 -8.58054 36.02869
1.70713 2.91156 16.41049
8.375421 14.47984 15.27197
12.27117 4.711171 38.65248
-3.034292 -5.295972 12.47186
-7.982913 -13.47508 15.87955
-1.008806 -1.980483 17.59175
-12.1509 -6.939253 36.68023
6.548856 9.313011 19.60464
-3.801893 1.215669 28.75895
9.61862 13.38251 22.92825
-6.761748 -1.915012 30.7327
-12.96003 -19.47541 24.43849
7.060816 -1.196245 33.96456
1.33653 -0.1469766 22.21892
16.80918 11.79388 42.80495
0.5979201 1.093344 10.71382
-2.448146 -4.870448 6.009936
0.2273917 1.944741 21.6864
-8.317771 -14.42861 15.09572
1.922889 2.577957 16.6645
5.065361 0.3406644 29.2716
11.48436 16.84727 23.51373
-0.2463677 -0.462417 10.63978
2.15697 3.803187 11.37549
10.11129 14.25665 23.1142
4.921058 3.965423 24.39933
15.32759 17.286 34.35334
-1.685482 -2.919302 11.7854
-16.37094 -16.05311 38.23605
13.06925 16.4208 29.15534
-4.562626 0.4978542 29.27596
12.83855 20.98232 21.44738
6.534663 -0.5325511 32.57381
-2.303387 -1.108154 22.40656
9.458074 5.005523 32.9566
-4.735531 -0.02725561 29.02241
5.408154 9.555251 12.57648
-2.518117 -4.124838 18.02886
1.387706 -1.557888 24.88941
-1.425227 -2.581509 10.69677
0.1530263 -1.73334 22.32603
9.282252 13.2358 22.01104
1.340853 2.37638 16.61781
-15.10678 -18.19726 32.75784
-10.22802 -14.25794 23.61133
3.02842 4.978073 13.85712
-0.5555562 -1.192484 16.44768
4.369056 3.206124 24.19143
0.830931 1.288701 13.48605
3.163121 5.170851 14.07081
-5.359828 2.463137 32.3673
-7.367249 -12.9112 14.04815
-2.866611 -5.216146 10.3978
6.715033 11.62973 14.14033
4.578075 0.7673662 27.91616
-8.229562 -3.431888 32.03117
-3.043912 -5.577419 10.28046
-10.9744 -2.092298 38.14057
11.55885 3.488499 38.20345
0.3421634 3.982854 25.46884
0.6380671 -1.157313 22.40987
13.14142 18.97269 25.83563
-2.583766 -1.609318 22.21672
-0.8361206 0.7252409 22.02303
6.360857 -1.180322 32.84016
11.77831 8.281449 34.74524
-2.616495 -3.51772 17.31339
0.4354005 3.267205 24.06459
-2.969273 -0.6981716 24.76751
0.04756071 -0.7765787 19.08936
11.73991 10.83692 32.18868
8.073375 12.9421 17.82503
2.040667 3.417385 15.46001
14.7004 18.47356 31.28955
-2.180498 2.120513 27.10836
3.001013 4.033267 17.66308
1.97442 2.560177 17.08919
-4.204438 -7.370226 12.3269
-0.164701 1.768647 22.43915
-1.76692 -3.372658 20.07924
-10.70069 -15.52757 23.04076
-5.291066 -9.992092 9.603544
4.508528 6.754127 16.94578
-7.057478 -2.048799 31.14564
4.746446 -1.980161 31.01581
4.920628 7.526464 16.75395
-2.876789 2.18069 28.31107
10.35333 5.915033 33.92079
-0.2905685 -1.272318 19.22345
1.631427 3.083556 19.42232
3.575544 0.1680145 26.74553
3.077365 4.226802 17.42346
4.589825 7.568475 14.55327
-4.906288 -7.327003 19.21118
11.54232 0.7661014 40.04638
-1.298221 -2.282388 12.54642
4.018877 6.687649 13.98682
9.478546 4.758624 33.22234
5.985119 1.849831 29.35742
-4.365274 -5.989675 18.4914
17.23045 14.60772 41.5661
5.216855 9.029753 13.26352
-10.0229 -15.25905 20.97013
-1.569686 -2.683753 15.00329
7.096018 10.05947 20.91824
-6.656858 -9.876718 19.42887
2.013995 3.005859 15.27917
10.6015 17.4178 19.02647
2.478337 3.880859 14.71258
9.31655 15.56495 17.28644
0.4481123 1.75795 20.28436
-1.482565 -2.547779 15.29452
-3.033264 -5.263449 12.73224
2.600425 3.61013 16.86591
3.210296 -0.4383122 26.82438
13.81595 19.23825 27.64374
-1.24028 -2.193069 15.99154
-2.871676 2.133147 28.25004
9.456006 14.75272 19.77537
13.93122 22.52056 23.0753
15.79994 20.97666 31.50479
11.06334 15.19855 24.75535
-6.454889 -1.360132 30.71773
6.547453 11.33383 13.99296
2.996752 -2.124274 28.43933
10.87481 17.72121 19.57535
10.23669 4.522453 34.90294
-1.967815 -3.626581 9.834202
-7.934303 -2.129528 32.66819
-10.94616 -4.289425 36.44665
1.638022 1.902336 17.64407
-8.617286 -13.30579 19.42278
15.04991 17.23782 33.66554
-1.083012 -2.109948 6.955716
3.645151 6.043967 23.07232
5.805213 -1.720006 32.42059
-10.49203 -17.38353 18.61784
-2.637894 -4.034446 15.29027
-1.51942 -1.869958 17.00728
-4.372491 -7.961317 10.95081
-6.850794 -12.06525 13.53594
14.92706 23.02664 25.93827
-5.997515 3.118629 33.83517
4.468393 7.882246 12.36312
4.726025 0.369586 28.63617
0.2296024 3.281391 24.51029
-8.009999 -12.51473 18.44224
-1.001215 -1.766027 13.80561
1.566583 2.638271 12.51366
8.450785 12.99577 19.42154
-7.514263 -13.96363 11.54222
1.546053 1.065875 19.97527
11.21295 17.15658 21.99075
2.670609 4.194366 14.76554
0.2491384 0.5311586 13.87593
2.444595 3.558337 16.02589
4.746423 5.087114 21.97835
-2.66455 3.506373 29.39643
-3.331461 -3.923007 19.53421
15.04289 13.51602 37.33998
2.683812 2.730615 20.02565
1.060905 -1.921144 24.80501
7.722476 11.45741 19.61196
-7.259609 -14.20444 8.767997
-9.265903 -13.24032 22.11755
-9.924782 -15.75226 19.58858
6.312117 12.13554 9.183032
13.3013 12.54231 34.13927
8.656229 12.00193 22.37146
13.15619 19.50662 25.07357
13.87377 14.9927 33.01208
10.93361 13.76055 26.55021
5.903024 10.22779 13.58806
12.53764 9.112678 35.63012
-0.9207379 -1.632988 13.72606
13.7779 12.03298 35.74819
11.70953 17.69353 22.90325
-11.42741 -5.547315 36.36993
-13.96925 -5.59626 41.32011
2.782869 4.490645 18.05196
5.283928 -1.758786 31.64649
-15.36819 -20.8736 30.3236
-1.894992 3.662646 28.46137
3.779497 6.406752 13.30017
2.145605 3.642651 14.03127
5.637764 7.50603 20.06764
7.436169 12.76846 14.86256
-1.274819 2.157128 25.57484
7.004722 3.324411 29.76463
13.21349 14.25944 32.10729
3.19822 2.906769 21.43506
1.43875 2.957575 20.04607
-0.8532331 -1.870076 18.36093
12.44907 8.714985 35.79673
1.072683 -1.292597 23.77107
-9.641491 -5.00096 33.32869
5.241488 10.13983 8.364826
-1.124504 -1.974345 13.14829
0.9290987 1.936847 18.11126
11.64611 12.92745 29.61876
-13.19898 -19.53376 25.17913
-13.45826 -20.23346 24.99919
-16.36638 -17.98344 36.37496
-4.423906 -0.8622969 27.51305
4.230405 3.409734 23.50004
12.33925 19.10446 22.79789
-1.164826 3.428787 27.10584
-14.97243 -18.91864 31.54165
10.13808 16.08693 19.79119
1.000211 1.832324 9.654459
-10.33679 -18.05208 16.39822
-8.90094 -13.66535 19.81769
-12.28537 -19.11314 22.58591
2.766903 2.71312 20.38472
8.632999 13.13831 19.71645
-1.728983 -3.902768 22.26143
1.700524 -1.61617 25.58685
5.799751 9.386228 16.2158
1.977424 1.078583 21.48964
2.256926 3.840769 13.80474
0.1480725 0.4539709 15.22977
-6.840863 2.619743 34.71159
-4.52208 -7.995339 12.28436
2.425901 0.6812029 23.52377
2.652966 4.326622 18.52789
-8.090795 1.931916 36.13577
-3.777446 -4.415159 20.07212
0.3333619 0.637976 12.84805
-12.97352 -20.03151 23.58889
5.655263 10.00217 12.7353
11.79058 11.2467 31.877
0.9307826 3.441517 23.30173
4.551287 4.224288 22.98152
2.164071 3.676202 13.97714
-14.44126 -7.932383 40.597
-5.62317 -9.341997 14.89599
2.805668 4.636718 13.60604
-3.804353 -3.035036 22.99303
-0.2832207 -0.528906 10.19742
-4.834182 -7.220758 19.25878
-5.390733 1.842837 31.88513
-1.478044 -1.643117 17.70567
-5.699523 -10.10065 12.67191
-0.5549756 -1.757865 19.76522
9.340552 14.67152 19.39945
3.215146 3.592709 19.91316
13.30661 17.67106 28.21052
2.7097 4.657254 13.1666
-12.29892 -16.1411 27.26322
1.082537 2.065927 17.4146
-3.270402 3.553072 30.30021
14.27202 9.570015 38.976
4.718606 4.773843 22.48186
0.7844733 1.848462 18.77705
13.83352 15.77048 32.03947
7.095314 10.06326 20.57891
5.168988 8.926735 13.32169
-0.1525607 -0.3142766 12.18559
13.92806 7.581236 39.80299
7.607182 11.49123 19.05354
2.398442 4.016429 14.6931
-8.742593 4.025109 38.51691
13.30646 9.521539 36.93606
12.5891 7.313045 37.26919
7.406677 2.418757 31.43641
10.50288 17.32646 18.78735
4.932483 8.186381 14.53908
-0.2720744 -1.711579 20.86927
4.2899 7.458422 12.9122
9.635509 5.218291 33.1138
15.41425 15.6749 36.21233
13.23282 14.11973 32.31079
15.38768 13.86608 37.83984
4.467667 8.212511 10.50508
11.4825 16.2175 24.5316
0.7293462 1.025457 14.46768
3.211549 5.58247 12.67565
-1.210397 -3.132475 21.70518
-4.007029 -2.742443 24.02175
-0.3822289 4.054066 26.72163
10.54236 6.808671 33.49224
15.07736 17.95623 32.94802
2.70301 -2.036858 27.86923
-11.32967 -19.1629 18.59927
2.634439 0.7069209 23.98619
15.66218 9.592259 41.93687
-11.87226 -18.94884 21.28738
-2.445501 -3.616533 15.7656
-14.68729 -7.399481 41.49114
-2.497091 -4.969371 6.002233
3.04424 4.018289 17.94047
3.368755 0.9429842 25.2784
7.201646 -3.910589 36.16141
-4.67941 -6.953501 19.76144
13.81667 14.9382 32.92439
1.469209 1.511655 18.16602
13.50047 19.49331 26.25874
-9.424956 -13.40208 22.37825
9.234677 4.754328 32.74658
-9.86597 -15.09057 20.68401
12.963 5.305543 39.55567
1.805333 1.411777 20.05758
3.749486 6.860728 10.442
-1.428386 -2.462684 15.259
6.571695 11.30233 14.25194
12.74428 17.98323 25.99163
15.39277 15.29172 36.52906
-15.66237 -20.27583 31.93523
0.8877027 1.647917 9.496367
-7.178887 1.318115 34.24703
1.827155 2.730748 15.10332
4.130785 0.1295878 27.82858
2.464114 4.130111 14.57661
3.826363 6.712812 12.4011
-11.29734 -4.247479 37.14408
0.6158614 -0.4976413 20.72379
-1.31762 -2.299586 15.67674
4.403667 3.782889 23.33487
1.468996 2.974914 19.94804
-0.02250029 -1.043771 19.74367
-3.869378 -5.926581 20.32266
-8.444226 -14.59068 15.32426
13.0693 18.48068 26.31991
12.81113 18.88874 24.83863
-4.428328 -8.371213 9.213641
13.23254 9.566589 36.74058
-5.736369 -10.44901 11.4961
17.34775 16.06058 40.63186
6.578986 3.169009 29.08712
-10.50684 -15.37026 22.62898
-2.348734 -4.036195 13.23277
2.51021 -2.104367 27.63358
4.098642 4.352847 21.35183
10.12713 16.91717 17.98877
4.948602 7.934683 15.56394
13.98961 14.87472 33.42788
-13.81621 -13.76946 34.1421
7.609051 12.34649 16.96859
3.585978 2.182901 23.87445
5.415323 0.3776436 29.84825
8.595536 14.81898 15.54221
1.980876 3.609701 10.10438
14.62342 10.93177 38.62876
-12.51658 -7.764564 47.33163
10.4311 1.471724 37.61737
-15.62616 -20.20623 31.9111
7.789284 3.262677 31.34871
2.00828 1.925911 19.45035
-5.716444 -10.33362 11.82566
-14.71409 -18.99008 30.70335
10.91654 2.638276 37.64261
-5.038023 -2.297813 26.98157
5.912975 10.07538 14.20387
8.063569 3.450336 31.69351
-2.449635 -0.9819648 23.04589
11.21721 4.697865 36.64065
11.63524 20.46478 17.26625
8.577592 3.856725 32.29823
8.863776 12.96256 20.98631
8.318689 14.93566 13.63697
-13.44317 -4.390961 41.1252
3.446604 5.487008 16.91991
13.62137 11.84807 35.55945
3.038431 5.263674 12.8071
12.78094 5.09251 39.35695
4.72864 7.987872 13.86507
9.945195 15.98946 19.20587
9.638672 13.59934 22.61838
-4.068024 2.948834 30.88352
11.5256 3.434445 38.18054
0.4511558 0.8277182 11.71274
0.07293325 -1.752813 22.13872
2.844007 2.018887 22.16463
4.21139 7.044128 13.92408
8.95127 13.83055 19.55824
10.71342 17.6138 19.10389
-1.144337 -2.113498 16.97739
3.687844 5.887718 14.95796
5.854458 7.925811 19.96808
0.6978782 -0.5337532 21.11666
-7.886742 -12.31873 18.5396
-1.926663 -3.266654 14.42381
11.83329 18.63847 21.70013
0.8964407 5.25828 29.95699
8.852924 15.15937 16.00261
-8.105264 -14.69949 13.04998
1.227894 2.649669 19.85383
-0.2965543 0.5174366 19.41407
8.61012 0.2683896 35.3681
-15.87299 -16.28783 36.77063
13.05677 21.91443 20.65581
11.2872 8.682802 33.31512
-13.24704 -9.089469 37.17843
3.471452 5.97192 13.166
15.08179 14.42003 36.59494
-10.561 -17.46417 18.75143
7.094824 1.796478 31.45453
11.89806 18.56935 22.06652
1.775695 1.70955 19.05757
9.599059 13.56081 22.54798
3.635217 -4.950114 32.02767
-12.42823 -6.256192 37.78669
10.38547 15.75133 21.47458
1.944569 3.603799 20.14582
-12.34237 -10.3805 34.03226
6.129803 10.62518 13.69889
11.87156 16.61487 25.2255
-5.912431 -10.47894 12.77035
-0.4297084 -1.735944 20.29065
15.25757 12.75485 38.51407
-13.17546 -3.947785 40.91538
1.536771 1.088617 19.87233
-14.72461 -10.08117 39.54363
14.44575 18.28969 30.77883
5.106006 1.298167 28.30307
-16.19722 -18.63334 35.26183
5.420136 9.594582 12.59209
-14.42078 -13.54514 35.83089
-2.075731 -3.52761 14.03073
13.03239 9.797475 36.09866
-8.971562 0.8380966 36.77573
2.295078 3.796795 17.47251
-1.866232 3.490565 28.22884
-10.11291 -18.01677 15.34994
-1.175492 -2.069465 12.6627
-12.49555 -19.23643 23.15712
-7.381475 -12.2407 16.08201
-13.55733 -20.97601 24.18647
1.384811 -1.971222 25.50786
-7.362318 -12.01259 16.75089
-11.73509 -17.43105 23.42593
-7.519036 -13.77776 12.20256
10.88021 14.78823 24.80379
-12.90965 -14.73088 30.77298
7.345149 12.63662 14.7285
-2.778715 -5.070913 10.41352
13.53441 14.74739 32.39632
2.988367 5.770115 7.70685
-12.42449 -19.87364 21.78627
-14.89186 -8.898614 40.81657
2.72581 0.5461653 24.45757
-1.594659 2.294635 26.33737
13.57802 16.08375 30.99608
-0.9864654 1.971445 24.7361
2.603738 4.336905 13.29868
-3.463749 4.136281 31.10175
-13.78018 -7.162169 39.81558
2.044925 2.881981 16.16217
-10.52804 -5.234212 34.8638
8.628281 14.6157 16.25492
-5.525969 -9.840845 12.38559
1.282261 2.409026 17.95771
-4.851994 -8.985481 10.35518
1.372288 2.497943 17.60445
2.396612 3.617746 15.3714
-4.217249 -7.087866 13.77649
5.155574 6.956373 19.42616
11.94146 12.53553 30.81795
7.339992 1.321334 32.32552
-0.4955915 -0.9368494 8.614001
5.115984 7.364318 21.12943
3.502665 -4.000537 31.03377
-16.14736 -12.86138 40.47019
-6.594429 -11.63463 13.31664
-3.565124 -5.009022 17.46696
-2.25423 -4.852324 23.39306
-6.111699 -10.79282 12.96338
-10.62025 -17.54318 18.84517
2.360089 1.759217 21.20266
-0.006338487 1.748415 21.92717
3.96394 6.632606 14.41633
0.6625448 1.983567 20.09752
14.34131 15.63027 33.53198
-0.2736854 -1.701964 20.83363
-2.634829 -3.566947 17.23985
4.846206 8.05904 14.86596
5.880721 -1.695602 32.51715
2.624326 5.050913 7.783572
6.0853 10.71889 13.11473
9.344067 14.74953 19.24773
-5.210739 -0.9026053 28.93434
9.713188 2.996434 35.17408
-12.98647 -2.773941 41.34165
2.060956 3.61597 11.51165
0.04607918 0.4307347 16.49684
3.74504 5.973152 16.58293
-1.731336 -3.078267 11.60731
-5.816601 -0.2367123 30.68093
-2.437431 -4.41891 10.66533
5.309365 8.285297 17.36808
2.842639 4.708803 13.55999
2.216843 3.755942 14.10049
-4.643248 -8.600648 10.26482
14.40777 20.9074 27.22658
-15.46786 -11.8207 39.77867
2.40814 3.07136 17.73479
-3.579451 2.120437 29.35016
-12.54138 -16.74601 27.13314
12.13781 8.666295 35.16767
1.572089 -2.002161 25.89693
4.404504 8.28798 9.409208
3.885581 6.598642 13.28897
2.722556 4.376638 14.26607
-0.08838261 -0.9674481 19.10354
4.724069 3.329402 24.87617
0.9061474 -1.889863 24.43788
5.345267 7.395153 20.62167
1.720268 1.124956 20.49303
2.591641 -1.539621 27.08965
-8.087609 -14.06788 14.82473
4.319169 4.229194 22.29282
-4.94433 -6.987859 18.43313
-5.079659 1.919596 31.47333
-15.44035 -14.4279 37.45537
-4.77341 -8.44279 12.36067
2.818933 3.250854 19.18452
-2.111096 -3.619699 13.45062
-1.267411 -3.146757 21.54385
0.583172 -0.4829384 20.55778
1.503642 2.586371 15.70278
3.84199 6.74193 12.39439
3.372501 5.501736 15.58599
-4.317408 -5.884107 18.56229
12.5027 18.75536 23.97252
-13.71054 -4.942517 41.26471
0.5285606 0.04127077 18.51735
7.121955 12.26296 14.55123
13.26452 18.19457 27.36112
7.682242 -0.2102062 34.19245
-2.292513 2.103683 27.27428
2.561139 0.6216581 23.95353
5.788905 -1.230236 31.97481
-4.419525 -5.878243 19.0297
-1.259067 3.45628 27.2842
6.324312 9.906221 17.56437
2.432389 0.6915029 23.5219
12.58789 8.038951 36.66976
3.766642 5.644962 16.43677
-1.902587 -3.229271 14.37846
13.80468 19.43534 27.33574
1.697811 -1.37319 25.22525
-2.834335 -4.566889 17.35352
-7.82963 -12.9273 16.55193
13.71877 18.88525 27.82379
-10.61661 0.473 39.25948
2.013299 3.373479 15.52888
1.853402 2.356331 17.14963
11.43218 8.310744 33.9761
0.6982912 2.082376 20.29463
-11.81407 -19.17543 20.63275
4.785406 8.298832 13.18293
-0.05248365 -0.9688357 19.30813
13.72653 8.614032 38.58266
2.165838 -1.685892 26.53153
-5.288604 -8.335371 16.24069
6.760337 -0.6936064 33.07627
5.698633 8.125853 20.77952
6.685829 -1.364238 33.50452
-0.8018784 -1.839949 18.59965
-2.783897 -4.688733 13.06416
7.940489 13.78838 14.79416
15.10091 14.20899 36.83924
5.917425 8.04385 19.94941
-9.561692 -3.39619 34.5645
-0.8722726 -1.686384 7.351771
7.421507 12.06087 16.78173
8.338273 1.83219 33.64889
-15.48441 -15.04722 36.98682
-15.94414 -12.01184 40.69544
7.377638 -0.7041045 34.08512
13.20323 5.915387 39.58259
-1.246315 -2.240691 16.68204
6.070754 8.324993 19.92068
12.08929 18.13299 23.52065
6.953875 3.713327 29.24932
2.032892 3.769256 20.4521
7.549162 -2.774012 35.89327
-2.381396 2.110924 27.43001
4.343185 2.269198 25.52661
1.592894 3.552051 21.63893
-11.33199 -17.14357 22.45781
3.012619 0.4634641 25.21208
4.225879 1.839653 25.86538
5.77701 3.030327 27.6152
-2.305654 -4.131919 10.83645
-4.645261 -1.824765 26.76622
3.693993 6.932216 9.292241
-5.266934 -2.284236 27.46801
13.76912 13.2719 34.53444
13.56412 19.58232 26.33657
1.760642 -1.233191 25.1401
5.585222 8.976943 16.37995
0.8850882 1.412544 13.10876
0.3394717 1.748269 20.71615
14.24784 16.79628 31.98855
-6.345325 0.06747668 31.85539
7.215057 10.23407 20.64949
1.857089 2.392073 17.02323
11.0593 17.98977 19.81363
11.4752 8.009759 34.34679
0.8726409 1.618654 9.544267
0.4703764 2.751058 22.92803
-3.019625 -4.812546 14.63271
-14.0077 -17.00918 31.07685
-5.501169 -2.505566 27.67842
7.746289 -0.8356234 34.78347
-9.891102 -17.10479 16.42989
2.464738 1.565875 21.9521
1.074181 3.343268 22.70186
3.745074 6.558518 12.4567
-15.96059 -11.77996 40.91691
14.76538 10.26795 39.4822
2.647795 4.326571 13.82525
3.185941 0.4970556 25.52886
-3.291984 -0.5925799 25.61459
-10.36817 -5.005531 34.74583
0.7050813 0.948135 14.81266
-2.718898 -0.8120515 24.01276
1.965092 -0.6561211 24.67572
14.61968 13.42882 36.41806
-4.264383 -7.904163 10.09651
2.006241 -1.977478 26.63136
16.54168 14.32814 40.16903
1.19994 3.313582 22.25845
11.1089 19.8153 16.15898
10.99498 3.644014 37.03691
0.5371418 1.772884 19.91527
-7.008659 -2.271649 30.84
4.740217 8.355599 12.4915
-2.915761 -5.050998 12.80019
13.36113 9.992109 36.65152
4.726571 5.990463 20.0041
6.795607 11.95912 13.53531
-12.09849 -6.82721 36.6659
-7.186934 1.149995 34.12895
-0.2496715 0.5000857 19.10509
13.88176 13.8334 34.24477
12.63055 4.680463 39.36487
-7.386389 -11.27675 18.59382
0.6524704 1.793162 19.37166
0.03936624 -0.7754145 19.03849
14.36369 8.835523 39.75036
-3.462258 2.764937 29.81821
-12.48107 -12.57531 32.12396
6.692648 10.4774 17.7568
2.303422 3.853619 14.87413
7.008553 13.04234 11.17062
9.861583 16.2568 18.23318
15.01848 18.38572 32.29646
-11.77361 -3.214291 38.79904
10.95231 2.073093 38.11432
10.87656 13.75471 26.39132
15.0973 14.9828 36.09505
-14.97626 -11.17204 39.21167
15.41655 15.38622 36.49729
13.65801 11.24841 36.19532
-1.757159 -2.991563 14.4505
6.466334 10.50431 16.39246
-15.88959 -13.68742 39.18013
-0.7669371 -1.398984 14.56396
2.970794 3.953127 17.76904
2.801447 -1.572034 27.48818
4.080117 0.3595764 27.46467
-0.7867418 -1.739252 18.11925
-9.344953 -15.91234 16.60394
-1.544391 -3.041559 6.420698
-7.121869 1.791962 34.52097
-7.568772 0.9514896 34.58624
-2.623269 -4.773891 10.51581
6.004281 11.62459 8.670002
-16.01927 -12.43936 40.52122
16.56285 14.54292 40.03702
-2.830287 2.161685 28.21587
1.438315 2.730198 8.329593
7.330317 12.16683 16.12298
-5.0652 -8.980658 12.37309
-6.277554 -10.30188 15.93689
-11.65188 -3.020423 38.71223
12.03853 7.092533 36.32376
12.04305 7.673272 35.84502
14.92622 17.19859 33.3747
7.597554 13.0241 15.0338
-9.255236 -0.01589204 36.63864
-5.634014 -8.42568 18.94856
-5.374234 3.313465 33.08258
-3.573617 -6.622517 9.88863
-4.353411 -0.8654512 27.37427
-5.011501 3.302992 32.55262
-7.980947 0.9373535 35.23934
-1.749072 -4.789001 24.36478
-1.969656 2.067265 26.68432
8.949818 4.695337 32.23878
10.05966 1.576308 36.88814
-1.339356 -2.355858 16.27564
13.93743 13.86767 34.34664
-7.223908 -11.80079 16.62387
6.034227 -1.569759 32.65079
7.05557 11.1358 17.41191
1.232057 2.31276 17.73041
1.127101 2.109548 17.21118
16.54478 18.65932 36.16665
9.163791 13.10698 21.82191
8.198594 3.261555 32.12782
6.168228 10.68406 13.74802
-1.184172 -2.077669 15.13822
-15.30949 -5.036404 44.33088
-7.668403 2.838296 36.11897
-0.7962293 -1.45672 14.87201
0.4669034 -1.807661 23.30576
-11.49309 -19.77206 18.07057
2.025478 2.71616 16.77023
6.823399 3.251812 29.48328
-6.420485 -11.82564 11.33415
-0.4481624 -1.724611 20.16615
1.102198 2.084999 17.32649
2.717529 3.064541 19.2679
-13.04497 -11.83671 34.22242
1.893323 2.880606 14.8602
4.803589 7.676001 16.39147
2.529137 4.862554 7.815682
6.034979 0.5621821 30.74574
-1.099364 -3.814445 23.71144
-0.5792302 -1.196898 16.1139
-16.53885 -19.3085 35.48322
-15.47859 -16.0771 35.97999
0.4524181 0.1316754 17.60329
-14.07988 -21.10474 25.83367
-2.843817 -5.226748 10.09579
3.270092 -0.8709737 27.46272
7.436994 0.4975423 33.20511
0.6018709 -0.9218592 21.76702
6.477764 3.139918 28.91688
-1.926455 -4.802216 24.03053
2.487122 4.252796 13.45365
-7.801821 -11.73676 19.32262
13.62648 15.9665 31.26603
-0.9457762 3.413244 26.74538
15.18407 16.33795 34.96594
5.947599 10.08293 14.57093
-9.810428 -16.53712 17.37488
3.243255 5.885272 23.74196
2.21688 3.292423 15.52016
12.55266 18.618 24.36915
-16.10564 -18.84021 34.79579
-12.26318 -8.676942 35.42712
-7.988197 -1.263267 33.51068
5.134381 0.4165059 29.31423
6.470585 2.894461 29.17155
-4.782892 -8.430892 12.37034
-0.9802983 -1.973904 17.86173
16.49355 13.8937 40.42031
-13.23906 -15.10558 31.2291
-8.764612 -15.08719 15.72833
2.652124 -1.564171 27.22392
3.331709 5.088127 24.62165
5.067168 8.930854 12.62403
-0.2783478 -0.5199729 10.25165
9.641822 2.928763 35.09781
0.9936643 3.270212 22.74413
12.53599 7.189399 37.26091
5.694096 9.954099 13.23606
1.800608 1.386218 20.10843
-14.82197 -10.41209 39.4904
-2.272603 -4.017918 11.83544
-15.48315 -20.43354 31.21523
-10.17482 -14.06027 23.77118
5.651654 9.880203 13.21507
4.077771 2.979534 23.81532
-0.1792102 -0.3515945 11.67747
0.5822385 -1.693898 23.3634
1.763367 1.898863 18.36787
8.125822 12.97075 18.00376
14.60953 9.838569 39.48812
6.047465 8.606453 20.69327
1.90874 0.6118511 22.27993
12.67327 18.66802 24.70859
-11.59694 -14.80449 27.04363
3.885048 1.410886 25.72457
-8.032479 -12.21053 19.2362
3.342985 0.3589199 26.04081
6.838605 -3.130534 35.08203
-0.04328409 1.764486 22.07848
-11.38578 -19.23687 18.69724
-3.022899 -1.222824 24.06523
-4.067837 -4.953937 19.89903
-13.08735 -10.55923 35.53934
9.396285 15.77262 17.19423
1.704206 2.894102 15.34447
-0.487059 -1.749468 20.07268
15.31467 17.30115 34.30301
-3.146085 -5.805865 9.972867
3.056962 0.4185581 25.37088
1.49166 -1.330144 24.74381
-5.536466 1.802986 32.07561
-0.4598414 -1.105174 16.93971
-0.02583914 -1.27007 20.4888
0.7550922 -1.771771 23.9083
5.715919 -1.639248 32.21346
4.568297 7.356114 16.05972
4.667814 -1.493059 30.43856
2.577477 1.42323 22.56358
-1.109466 -2.08105 17.1798
12.97099 18.92089 25.33544
2.931841 3.687051 18.42116
-0.2726312 0.5085041 19.25894
2.205457 3.817706 19.42499
1.47893 1.311586 18.92394
-12.43004 -11.60497 33.01944
6.539804 11.31385 14.01104
2.223886 4.25793 7.958505
2.154545 0.8729793 22.45237
2.005332 1.043372 21.65588
8.44667 14.59286 15.33158
-4.975071 -1.798066 27.46596
-4.260243 -2.540674 24.94654
-10.54955 -17.95626 17.63454
-0.2884818 3.403367 25.65599
-2.457383 -4.426021 10.68837
2.990774 4.006371 17.69819
0.830414 -1.850932 24.21177
1.477325 1.32372 18.87549
-4.082621 -6.571849 14.96195
8.984004 14.16962 19.04069
-1.50475 0.001518084 22.39267
-16.37321 -16.23551 38.07348
14.69764 10.00992 39.54203
-7.389644 -12.95149 14.05875
-3.111304 -0.6468042 25.15462
-3.055837 -4.884209 14.58425
6.05926 -3.44631 34.17355
-12.78908 -3.177225 40.7084
-2.975865 -4.785585 19.29248
15.0634 16.01822 34.98128
5.872492 -0.1781564 31.16624
4.815905 3.658437 24.60643
-1.076853 0.8098404 22.87119
3.33483 5.523236 14.85498
3.107869 5.054258 15.90964
0.4367722 1.94866 20.95581
-6.183924 -10.93069 13.01973
-5.094964 3.283017 32.6562
-2.218235 2.14233 27.19811
3.739864 7.246269 7.737112
3.891027 -0.4777595 28.09697
1.03122 1.725517 12.33095
-12.3221 -13.71627 30.43846
3.579674 -1.129427 28.29334
3.647491 5.669344 18.50282
12.9778 6.058805 39.0298
12.40679 19.14861 22.97351
4.852017 4.081008 24.03985
7.834171 13.40798 15.25832
5.892632 0.3790689 30.67425
-6.253694 -1.289461 30.42529
-12.66285 -17.8165 25.97316
1.590806 -1.990156 25.91406
-1.517187 -2.63004 13.30596
-0.8448708 -1.513601 14.11915
11.34308 16.48206 23.65741
5.72599 0.458627 30.30924
-3.239713 -5.636953 12.63645
-5.02262 -9.085573 11.48909
-2.596626 2.295429 27.99434
16.20567 9.187616 43.38909
8.987385 15.24976 16.44138
-2.634926 0.4061079 25.67946
3.012149 4.895195 16.04657
2.756937 4.72537 13.2947
9.951272 16.3865 18.35125
9.09935 4.347449 32.85561
-11.78483 -19.65139 19.59669
2.179365 3.704997 13.91754
14.80319 11.09166 38.8936
2.090356 5.055981 27.68333
14.42904 22.9115 24.3161
-2.105461 -3.705353 12.06965
1.84493 1.272625 20.57481
-1.747334 -4.95832 24.70479
8.428726 0.9588697 34.52184
-10.63342 -5.390875 34.93752
7.989151 3.650914 31.35743
12.94194 1.450183 42.10311
3.563798 6.230755 12.48599
-10.93061 -18.262 18.70408
-7.148254 -12.55388 13.82717
3.559972 -0.6811053 27.74874
6.676151 10.83402 16.53891
10.26764 6.607838 33.11439
13.28729 9.896724 36.57327
8.50666 13.58113 18.18197
12.56374 18.36544 24.80612
-15.5452 -14.52022 37.62332
9.244999 14.49726 19.43746
12.82669 1.267721 42.00846
5.777676 0.4637433 30.3941
4.066384 1.894662 25.44068
-10.4604 -1.211276 37.85337
-4.24163 4.861952 37.35362
-11.22414 -14.77941 25.96246
-2.141716 -3.963599 9.652344
-1.09565 -1.930874 14.82406
-3.835186 -0.4894755 26.83903
-12.30787 -13.7595 30.35033
-10.45842 -0.06069687 38.63981
1.088137 2.253783 18.74245
-10.35528 -4.344424 35.27541
-10.36701 -5.285528 34.50291
3.078183 0.2601268 25.63928
14.53571 13.94324 35.72584
7.542556 12.96953 14.9237
-0.3695879 1.80032 23.05037
13.87515 18.88945 28.30601
6.799517 1.734811 30.97642
11.73769 15.84006 25.93673
10.89991 16.22984 22.51467
-1.349093 -2.646734 6.60629
13.65078 11.2384 36.18805
-10.25035 0.157417 38.43327
6.712364 9.927907 18.8589
-1.967696 -2.162815 18.52247
-9.21242 -16.38466 14.70282
-1.983458 -4.808341 23.92144
-3.437152 0.5185908 27.33747
-0.8870429 -1.119073 15.72399
11.96886 5.997713 37.07723
-2.991473 -5.319265 11.63375
-0.4707756 -1.128033 16.99374
10.60988 15.91448 22.01662
-7.605135 -3.192572 31.06769
7.640238 13.34783 14.3493
-11.2971 -18.82222 19.15445
7.266474 1.960075 31.61079
-0.2557331 -0.9819121 18.06663
9.241872 13.00561 22.28626
-6.735502 -11.0376 16.22884
8.3691 13.35628 18.18564
-4.134046 -6.242224 20.37241
2.262339 5.032343 27.30929
11.67455 8.49954 34.32285
-1.666106 -2.836069 15.02037
-4.613985 2.015947 30.84518
-2.696235 -4.814967 11.39517
12.11614 13.64651 29.94862
3.690799 2.097874 24.2693
3.257428 5.6638 12.66986
15.97419 22.72413 29.86506
12.63549 19.28327 23.59002
-1.062563 -1.881951 14.97476
10.78372 2.415677 37.56451
1.870588 3.393991 10.24713
-10.55774 2.517057 40.43586
4.606469 4.012221 23.4991
-3.178135 3.493238 30.11289
14.14053 18.71604 29.34836
-2.172595 -3.790691 12.4925
-3.672141 -6.44468 12.34658
0.248689 3.464705 24.78995
-5.840848 -9.293682 16.336
2.565222 4.059386 14.53863
-8.580967 1.134817 36.35104
1.705396 2.188287 16.87713
0.8695553 1.377671 13.21036
3.989683 4.800455 19.9641
-3.082522 -5.293594 22.16384
4.15481 1.247885 26.5052
2.091229 3.306281 14.27193
6.608617 11.64795 13.36629
7.40808 12.74504 14.76961
-4.815363 1.97974 31.1213
5.744131 3.520263 26.94304
3.075995 5.740478 9.364784
-14.83772 -18.80043 31.29308
3.291388 5.447247 14.89797
-1.140003 -2.013719 15.32945
14.34005 13.00638 36.15134
0.4942541 5.890586 27.87295
6.810574 3.46231 29.23238
-1.506101 -2.610472 13.33752
-11.94817 -9.005229 34.45658
14.36262 16.40068 32.74468
-3.083265 2.183731 28.64082
1.715428 2.936144 12.14569
-3.244585 -3.084265 21.20618
3.468647 -2.007672 29.06025
14.82818 14.46163 35.93746
-5.153969 -7.634974 19.43342
1.759971 -1.3853 25.36492
-12.48615 -20.3021 21.26202
-10.92275 -16.79502 21.54617
3.463418 5.897725 13.01642
11.66407 3.079174 38.69292
-3.76397 -2.147964 24.367
2.26566 2.220667 19.70411
-4.707987 2.160835 31.12132
-14.69755 -19.01064 30.63132
4.498128 -0.6497274 29.32456
-5.550814 -10.11635 11.38602
4.325275 4.507615 21.77425
-14.82478 -18.89012 31.14944
-2.660613 -4.579603 13.10016
3.783833 0.5503919 26.66259
-4.476995 -7.95347 12.0655
-0.07300692 1.799248 22.24835
0.2105975 -1.741593 22.50631
0.6757056 1.986887 20.04532
9.268868 15.72877 16.67692
4.374679 1.800291 26.23525
3.233609 5.367323 13.68592
9.588538 16.02818 17.50824
3.758953 5.321939 23.43602
1.846349 -1.454072 25.63085
3.313269 4.680998 17.181
3.183304 -2.123681 28.73373
-9.139539 -16.35979 14.36975
12.92208 16.88033 28.11929
-7.014648 -10.56653 18.64963
-0.8409862 -1.652691 16.80547
9.400966 13.36101 22.20687
4.543009 3.520778 24.13363
9.993522 -1.974321 39.19049
12.96812 21.83924 20.42591
9.78298 4.455747 34.08298
13.71187 10.80687 36.70803
11.99768 3.884545 38.73615
1.418543 2.46463 16.01154
-0.462842 -1.65349 19.83104
-2.41257 -4.380161 10.59467
10.76484 17.6631 19.22411
-0.3342985 2.003604 23.36975
11.31303 8.751527 33.30545
-15.51386 -10.14728 41.20123
1.355262 3.335692 21.81401
-0.5870346 -1.643195 19.08791
0.9592207 -1.466207 23.82217
9.704407 4.715162 33.70312
-6.014501 -10.64147 12.89335
-13.43675 -6.326421 39.74403
13.89958 14.83387 33.24858
-1.7972 -3.048545 14.75405
9.166646 12.92525 22.16612
-10.70693 -1.76061 37.89903
4.490424 7.221571 16.10277
-12.62569 -12.50499 32.55224
15.31158 13.23048 38.22568
1.321364 -5.184401 29.30403
-1.96972 -2.179347 18.47741
2.086589 2.568187 17.74054
5.725257 10.0939 12.90062
2.51097 4.146611 18.70214
8.770537 14.90102 16.24634
2.453091 -5.205284 30.74024
-3.777003 -5.99269 15.16328
9.528427 12.85467 23.72018
10.3823 17.91732 16.92833
2.253788 3.863976 19.2958
13.45556 19.45022 26.1729
-1.388624 -2.72661 6.564639
5.056016 6.487964 20.1277
3.749686 5.978812 16.59574
-3.180391 -5.100486 16.76532
-10.99322 -5.964669 35.16217
-4.720971 3.303442 32.13643
7.093637 12.23764 14.45998
0.4453684 0.6787743 12.93581
6.580001 9.349225 20.72276
11.64842 16.71534 24.32276
-0.73407 -1.819388 18.97991
0.3745934 3.455046 24.53123
4.755684 8.406276 12.3799
-2.365678 -4.066983 13.20707
11.3269 3.198813 37.98462
-9.944131 -15.47106 20.28659
6.807761 11.39302 15.38091
14.90694 18.65723 31.66393
-1.31468 -2.371058 10.95148
0.2576085 0.5403296 13.76577
-13.19931 -9.78374 36.47597
10.39831 1.953725 37.21118
1.713645 2.9111 15.03181
1.959528 3.288267 15.6688
-15.61794 -10.57743 41.09809
-4.412849 0.5119067 29.03591
0.959614 1.751706 9.775209
3.423629 6.241337 10.49063
11.8349 3.338426 38.82424
16.52897 22.06231 32.39933
-1.649006 -2.847053 11.86559
1.052389 1.76939 12.23813
-1.642292 -0.8873176 20.81461
2.482581 4.247991 13.4191
-6.485103 -11.46514 13.17144
-0.0279503 -0.2318847 14.84178
10.94602 17.85608 19.60432
10.19683 16.69734 18.78355
7.477124 0.3327204 33.40994
9.741519 1.29252 36.53945
8.240279 1.682299 33.6013
-4.172 -7.52353 11.311
13.34385 9.650007 36.90679
-10.84549 -18.60259 17.59105
-0.4713992 -1.132272 17.01996
12.31027 17.21984 25.71479
6.081869 10.36435 14.29703
7.782088 14.74683 10.75089
4.487373 -1.952228 30.59092
-4.911509 -7.281931 19.57823
-3.754947 -5.950353 15.18125
-15.82572 -18.36005 34.54683
3.429753 5.965715 12.68122
0.1862694 -1.76775 22.49716
-7.446209 -13.03142 14.12494
-1.608517 -2.85426 11.74419
5.931837 2.779222 28.22751
-6.952166 -12.99383 10.93442
15.05575 13.98091 36.94282
8.01485 13.92791 14.81416
0.1042634 1.782477 21.66321
12.13795 10.6276 33.30996
10.14595 1.13311 37.36005
-12.87692 -19.41658 24.23856
12.27676 13.02714 31.09044
1.131682 2.114686 17.19544
14.83503 10.59238 39.37354
0.9391623 1.944166 18.06484
-0.03040297 -0.7681734 18.58698
-11.88819 -8.833134 34.48534
16.28597 19.89456 34.15754
-1.329854 -2.203561 12.76705
-4.580882 -0.462672 28.26914
15.05747 13.66939 37.23483
9.235729 2.741299 34.50829
12.54232 10.85141 34.02013
3.98972 -2.012252 29.87871
5.757576 9.260303 16.41986
11.1148 17.69618 20.61753
-11.93597 -16.14503 26.14204
-2.079279 -3.761632 10.73211
11.87822 10.14382 33.19635
4.335288 7.610674 12.32832
13.80213 12.09713 35.7444
2.761468 0.1905737 25.07876
13.80418 18.89584 28.07664
0.8449441 -4.969328 28.47015
-4.257867 -1.909757 25.83843
3.22179 4.468067 17.39912
-16.22253 -18.15646 35.82083
3.149786 1.813361 23.38844
-15.43574 -13.33397 38.42479
10.60929 18.20498 17.35991
-6.981701 -12.80191 11.85021
0.4703368 0.8611914 11.55954
5.23677 9.262162 12.54788
8.27205 13.17524 18.18059
1.758609 2.569062 15.39058
-7.52946 -13.24518 13.99446
1.038595 -0.3058166 21.67892
6.358596 11.01517 13.85303
-1.996277 2.074232 26.73884
-4.755313 -2.603536 25.97968
4.44241 7.615344 13.23096
-2.470033 1.142766 26.36692
-3.521817 -5.504877 18.32286
0.6856163 0.8749529 15.1667
-11.09889 -6.460297 34.94784
8.33325 1.966757 33.52618
5.306333 2.454227 27.34039
-9.41075 -16.00276 16.70917
2.630971 -2.109819 27.83647
-1.986569 -1.661959 20.09707
0.6031803 2.751506 22.5729
13.89364 13.06836 35.03344
1.444596 -0.485807 23.18609
14.11632 18.74116 29.23956
-5.557856 -9.857069 12.57419
0.5395682 1.80228 20.01492
1.029335 2.216573 18.98211
4.856956 7.844471 15.99052
-4.033275 0.5321692 28.40554
-12.0311 -4.672084 38.22115
9.05838 5.02181 32.14832
-8.94711 -2.004803 34.58979
10.35281 13.75874 24.72552
-0.5811837 -1.467757 18.21777
1.986985 2.756418 16.31567
15.19241 14.11957 37.14343
-11.63309 -16.06949 25.29273
-1.757024 2.726122 27.16269
-14.44091 -9.084185 39.72115
5.625801 9.536374 14.42612
2.683106 4.083497 15.41538
-2.614732 -4.4991 13.12063
2.08909 3.723724 19.80113
-1.79893 -3.394305 19.98447
1.737742 2.950118 14.96195
-7.842367 -14.51678 11.93245
-5.216249 -2.513577 27.08257
4.66901 -1.998354 30.91333
-15.63033 -12.78202 39.34952
11.01265 14.55272 25.58291
-0.726551 1.870326 24.0202
-1.080197 1.938646 24.87136
-5.010772 -2.300782 26.92125
1.559239 -1.915855 25.75177
0.8886783 -0.6132848 21.92638
-0.804829 3.460692 26.58549
8.476488 11.88544 21.83602
2.366148 -0.7516461 25.63609
-3.320785 -5.448325 21.70959
0.5071809 -4.940618 27.99838
-5.363524 -8.279276 16.8275
-15.57391 -15.1625 37.0979
3.011419 4.060347 17.62819
2.209839 0.8726989 22.60694
9.720016 1.225676 36.55183
0.358202 0.675009 12.57866
11.22701 15.27306 25.1684
-9.260086 -1.147477 35.81105
13.4759 17.57211 28.8503
-0.2863991 -1.711866 20.81417
7.897244 13.74464 14.67263
0.4079649 -1.706591 22.95612
2.595417 4.12082 14.48235
-0.3110535 2.000099 23.30687
8.323546 13.28872 18.13959
12.45363 16.96446 26.56739
5.578036 0.6435831 29.86541
11.1473 4.08347 36.98753
-3.270348 -5.732678 12.31516
9.837126 18.05022 13.77865
-5.875498 -9.352657 16.34704
5.711759 9.272614 16.06876
-12.44653 -13.11633 31.44479
13.61918 19.49628 26.64638
1.755531 3.358964 7.958666
3.933471 6.263514 16.58618
5.938856 -1.567884 32.50036
0.7659686 1.365288 10.49406
1.481312 1.657763 17.66621
-9.261076 -16.46601 14.75721
13.26952 12.82825 33.76564
6.558542 0.7270294 31.49874
8.354123 0.9035634 34.43771
1.324509 -1.352343 24.42952
-2.315458 -1.096405 22.46384
17.26043 16.47926 40.05414
-5.515028 -9.781426 12.55333
2.554922 0.6115108 23.95564
-8.820775 1.43032 36.94394
2.787444 4.601116 13.62944
-7.727791 0.8985866 34.80181
-2.901446 -4.915718 12.93804
2.749077 -1.74138 27.60072
0.9595998 0.6777497 18.46793
-1.593059 -2.720763 15.37033
8.357698 14.42807 15.31802
5.589846 9.064688 16.06115
-2.510429 -0.9378463 23.28345
4.635979 6.701918 17.76635
14.22191 9.360348 39.03671
15.28164 12.94675 38.40409
9.076652 0.1228299 36.26132
-4.28577 0.001935158 28.25914
4.719325 8.340633 12.37323
1.558672 2.668846 15.54935
-2.2722 -3.975137 12.34557
-11.97788 -16.15037 26.26525
8.124229 2.879373 32.34007
7.140409 12.5389 13.82639
2.514116 4.285607 13.60666
9.560472 16.18456 17.00437
12.54929 19.17002 23.46465
3.687815 6.743769 10.44711
4.729251 -1.310014 30.36131
11.36612 3.398822 37.91063
-2.143982 3.563876 28.71177
-0.02298572 -0.7686912 18.63659
-1.929311 -3.275085 14.31441
-15.43066 -16.74564 35.18571
1.609929 -1.984244 25.94042
-1.468703 3.635439 27.81214
-1.08946 -1.917554 12.98204
-0.07330762 -0.7665643 18.29219
-3.36977 1.217726 28.03814
4.572179 3.023627 24.96607
-0.9578249 -1.897603 17.5062
-2.234984 -4.14452 9.568561
2.824066 4.672613 13.58289
-1.838994 -4.794652 24.19633
1.49324 3.521646 21.90191
15.46146 15.05336 36.92386
-3.205499 -5.883206 10.24152
-3.871261 2.101779 29.7837
-0.4255488 -1.737433 20.3145
4.494503 6.968989 17.64775
2.042665 1.690915 20.23845
3.791391 2.030408 24.61405
5.657932 8.353991 18.08491
-3.364419 2.385986 29.29005
7.014149 11.42584 16.41716
10.55385 16.66921 20.35329
0.6410253 1.78939 19.42222
6.059782 0.4303771 30.91335
-14.04269 -15.23576 33.18443
4.939459 7.975455 16.01974
4.1444 7.295765 12.34476
10.14654 15.37078 21.28772
-3.604245 -6.68087 9.886136
-12.46806 -7.515613 47.3009
2.80421 -0.8252436 26.56737
8.769543 15.06855 15.80354
6.686003 -0.7267129 32.98341
-2.827892 -4.042557 16.61428
1.194104 5.816732 26.92027
-1.637035 -3.229003 6.348465
0.7309783 -1.414016 23.18333
-0.7192376 3.565054 26.58945
4.172052 6.384059 22.24197
-10.81245 -4.098357 36.34379
8.45362 4.44747 31.49597
13.05319 15.13821 30.694
-1.748703 -3.044152 11.65474
-15.84019 -21.16887 31.39331
2.14173 2.762718 17.32929
-3.733594 -6.54584 12.40529
3.382673 0.4490126 25.99892
0.2837922 3.347274 24.51933
11.26022 14.93969 25.77621
7.042359 12.15397 14.41228
13.47367 11.03035 35.97702
2.023977 3.028559 15.24457
11.69023 13.35011 29.20099
-0.6896726 2.061361 24.2734
-12.21488 -10.35997 33.76347
2.849514 3.599875 18.28833
6.203394 10.73192 13.81399
-12.81542 -17.83148 26.44475
6.953963 -1.260845 33.84595
-1.818216 -3.240194 11.47496
-12.92663 -16.00561 29.26151
6.073504 -1.136251 32.34594
-2.227085 1.10397 25.86101
-14.53527 -23.75818 23.36775
12.81071 19.12516 24.46546
6.968516 9.834124 20.1239
12.59462 4.691243 39.28814
-2.04554 2.255247 27.05046
3.654237 5.81859 16.72498
1.423596 -0.8029233 23.71368
0.1877288 -1.002463 20.53087
10.45313 13.43977 25.63935
-2.868591 2.781203 28.94702
15.01438 18.42416 32.24058
-3.150805 -5.474116 12.69013
4.773093 8.216342 13.24266
-0.4477535 2.120167 23.85245
2.283571 2.027807 20.28599
-3.749243 -6.617874 12.11861
0.1067285 2.498146 23.29761
9.910477 1.464756 36.70769
5.188854 9.013966 13.26977
-8.929897 -15.31284 16.00496
-1.915901 -3.252068 14.34635
3.944267 -2.090465 29.88532
6.839744 11.14813 16.2788
2.223333 0.8616768 22.66538
5.8684 9.824738 14.7863
-13.70848 -10.79316 36.71585
-0.6148694 -1.172519 8.093557
3.613655 2.977162 22.56033
-15.98259 -12.22595 40.61038
12.01187 10.7797 32.86393
-1.400766 -2.469136 12.2479
13.49734 22.25236 21.83905
3.227291 -2.127959 28.8074
8.61332 12.04529 22.01116
3.277131 5.207014 17.34838
-1.341797 2.011747 25.48672
-5.923651 -8.782711 18.19097
5.026542 7.190356 18.26635
-5.08006 -7.526508 19.47268
-1.603409 -2.737734 14.89659
-12.72107 -19.48543 23.56715
-14.47923 -17.54062 31.76608
-2.459828 6.051018 31.49175
-1.510384 -2.664852 12.11181
-13.54474 -6.32859 39.95781
10.47865 3.936647 35.84255
-13.81187 -17.32991 30.13282
6.089983 -1.515675 32.69275
-8.792119 0.1242065 35.96652
11.27903 5.079481 36.45887
14.39762 12.48067 36.76814
6.492432 9.991328 17.69899
2.013551 2.163451 18.74804
-4.48372 -6.243748 18.33709
-1.569581 -2.054671 16.50743
1.933103 3.246939 15.73984
-2.941037 -5.276813 11.21988
13.52846 6.567903 39.74923
3.494212 2.274295 23.48761
15.44964 15.89594 36.08514
5.504356 1.346007 28.99711
15.20971 16.70773 34.64903
9.078729 14.24359 19.2862
-8.959781 -15.47913 15.7297
2.600515 0.6023192 24.07846
1.069782 -1.269377 23.72274
-10.54187 -3.730945 36.12444
3.475038 0.1818695 26.53426
-3.525878 -4.553433 18.66012
-6.773053 -11.27216 15.54838
3.511486 -1.590903 28.68636
-12.25533 -1.604097 40.76813
7.154488 -1.164406 34.08835
-7.552785 -12.81191 15.39626
-5.31303 3.170493 32.87969
3.675227 1.48473 25.16312
-7.965445 -11.8116 20.14163
-12.69068 -19.36328 23.65809
1.69779 3.506521 21.04318
9.507493 2.788386 34.96571
1.787079 1.976051 18.22196
12.12926 7.87851 35.84824
2.825842 4.800568 13.71429
-3.978205 -2.020506 25.06116
0.301022 -1.319542 21.78876
-13.99986 -12.44556 35.87831
1.626087 2.772107 15.2943
3.039423 0.7359701 24.86605
-3.398309 2.133388 29.08124
-2.334684 -4.024648 13.07441
7.601712 12.25283 17.32253
-9.450082 -14.61632 19.96958
11.01294 17.59455 20.39035
11.26879 15.67289 24.68314
-11.77596 -18.68178 21.39769
1.228426 0.2911421 20.85305
2.980184 3.836368 18.19494
17.03331 13.08935 42.31942
3.207995 -4.022654 30.65096
5.339217 8.333601 17.36601
-15.84905 -11.65133 40.76931
2.164167 3.678137 13.94668
4.600009 6.928646 16.88995
4.036533 5.57047 22.71065
6.377922 -0.1921642 32.02038
2.043679 3.206303 14.39791
-2.564702 -4.784452 9.33656
-0.2596637 1.845861 22.86331
9.837078 2.427331 35.84948
-12.87476 -20.59521 22.26872
10.94066 6.524993 34.56911
1.172158 2.204814 8.780234
2.8571 3.624028 18.24992
14.39211 15.13215 34.18581
0.06497848 -0.9809468 19.93603
11.91885 8.096819 35.20957
4.246499 -0.6710022 28.92181
-11.21008 -15.99052 23.97779
-14.97595 -10.53024 39.73207
-7.496462 2.284116 35.46428
1.010719 1.387796 15.22604
0.2153553 -1.074836 20.85074
-11.97569 -8.333944 35.11891
2.160633 3.669104 14.00176
7.799479 13.55186 14.67526
-8.791195 -12.7197 21.40676
3.558447 2.208382 23.7631
2.710719 0.2065228 24.94645
5.806182 8.842886 17.46756
13.36192 18.17072 27.69846
-7.845542 -13.66868 14.57169
10.84008 17.52421 19.82649
-2.136688 -3.853474 10.88384
-4.012799 4.074691 31.79616
5.993298 10.56002 13.05601
13.85163 18.89532 28.22884
-8.367256 -14.48247 15.2197
-7.853951 -1.937619 32.69149
-0.1376333 -1.039709 19.12288
-10.00148 -0.9791904 37.21971
-0.2300588 -1.266441 19.5315
6.45859 1.989401 30.0984
3.563092 -1.57541 28.75336
4.202172 1.846934 25.80426
-0.06551797 -0.2400263 14.07117
2.110103 -0.9792528 25.45829
-12.72477 -10.18356 35.06829
8.376196 13.07287 18.77224
12.58848 5.827036 38.435
-14.64117 -8.10526 40.88303
-0.08185372 -1.04018 19.43061
1.869969 3.168274 14.63327
-2.06193 -3.4993 14.14159
12.30206 12.81604 31.39248
6.093388 8.365794 19.91832
11.28553 14.00679 27.18499
7.956121 13.84513 14.71796
3.258145 5.142581 19.13314
2.659573 4.328901 18.35605
-2.31282 -4.295562 9.505216
-15.68797 -18.08445 34.46849
0.6585356 0.6120038 16.67619
-7.319519 -12.83621 13.9908
12.05466 5.342591 37.75871
-5.641823 3.06994 33.27746
-0.484163 -1.087524 16.46966
10.19668 1.190523 37.40764
7.991833 13.35161 16.31934
2.399706 4.42693 9.699246
-11.57114 -2.854357 38.68176
-10.73949 -14.95878 24.07119
-13.33318 -21.00914 23.30855
1.671208 2.861786 16.52762
4.309411 5.253264 20.1201
5.629374 9.132756 15.63776
7.501907 -0.9737503 34.49592
7.794054 12.4244 17.82005
-0.1823791 2.801116 24.49712
-0.1133816 1.972886 22.75045
-1.847926 -3.133235 14.61993
2.530051 -5.203543 30.8353
3.14131 5.45323 12.72467
-5.139175 -8.069858 16.24341
11.37637 19.10251 18.92842
-16.41934 -15.52785 38.83155
-1.932657 -3.827413 6.171626
12.25642 17.83915 24.58146
-1.020062 -1.820061 11.84561
7.992493 -3.478876 37.04128
0.2128991 -0.8099311 20.02985
-4.650062 -8.293082 11.96133
2.035982 1.719366 20.13774
-12.1337 -18.96232 22.27089
-0.2665117 -0.4984385 10.38856
9.902887 16.33663 18.24323
4.107182 4.422231 21.23548
-0.8456205 -1.522016 14.445
9.767527 5.384664 33.22487
13.19861 6.530958 39.11588
-6.246277 -1.726452 29.97224
3.522103 5.139372 16.78185
2.606023 0.9528744 23.49957
-1.551003 2.96393 27.12863
-16.75091 -16.96 38.34886
-3.42766 -6.306262 10.18531
-9.743856 -15.92742 18.43138
-2.570816 -4.411094 13.26372
-3.674315 -3.61581 21.49071
5.967667 10.54756 12.91388
1.224576 1.922092 13.75517
3.885194 6.586966 13.34274
1.885851 -3.305306 28.04849
-7.345574 1.908488 34.95625
-15.14537 -18.17974 32.8844
5.263624 10.23237 8.121714
-17.71002 -20.64959 37.31247
-1.598168 2.011821 25.95756
11.91277 6.320421 36.7082
-11.23638 -18.17355 20.1812
6.562362 1.180119 31.08087
10.52321 17.07432 19.40382
0.9443928 -1.90016 24.53421
-11.67755 -21.1411 16.00302
-1.240696 2.151879 25.50402
4.367132 -2.022149 30.47141
-5.08514 -8.66029 13.77252
-6.943459 -11.83771 14.8073
4.600357 7.755644 13.8661
-6.515488 -11.13157 14.46292
2.352366 3.876525 16.38439
3.333936 5.239615 18.99822
-14.02907 -6.812011 40.57723
-11.43052 -6.755997 35.36699
0.5129342 -1.81582 23.43217
3.886098 6.20494 16.47075
-1.215844 -0.1906894 21.06331
11.68361 16.74728 24.39056
-12.57415 -3.763102 39.90644
-8.72841 0.1702748 35.89448
7.108422 1.878725 31.40012
12.2235 14.09621 29.69067
1.520051 -1.336329 24.81189
-12.79372 -11.25229 34.20906
5.993318 0.5257945 30.70835
1.657753 2.976818 10.57939
11.01705 14.27664 26.0049
1.154975 -1.804704 24.80895
11.31709 17.09544 22.50755
-1.918359 0.1944356 23.81316
4.339237 -2.033558 30.43927
4.89504 0.7813005 28.48853
-0.9214012 -1.927056 18.11769
-3.286931 -6.038377 10.21773
3.856007 -1.581601 29.23294
7.382845 3.505663 30.32042
4.088738 -2.063481 30.08196
0.7393503 2.092903 20.1374
14.05374 15.15497 33.2934
4.777187 2.907173 25.60914
7.431892 11.71287 17.73503
-3.839445 2.113909 29.74656
-8.614335 -14.8522 15.55375
-4.392159 2.66705 31.10451
-16.279 -14.88627 39.06103
0.03978305 -1.024185 19.96834
2.824803 4.579582 14.11355
1.909404 2.323438 17.62934
6.25494 10.13587 16.06961
15.45915 15.87179 36.13275
3.434166 5.034428 16.63415
16.03581 13.46556 39.71054
-1.530432 -1.099306 19.81534
4.819737 6.217711 19.83618
-4.613458 0.4923104 29.3564
12.20601 8.858008 35.14186
7.930104 -0.7177449 34.99187
-3.641756 -6.014052 14.02624
-13.71906 -20.54473 25.42974
-0.8821456 -0.6406257 18.16297
3.354225 1.522766 24.37293
-0.1458903 -3.859398 25.60828
9.005176 12.58035 22.22303
-9.098005 -1.003491 35.64026
1.382067 -0.1706579 22.39804
-0.05264903 -1.041586 19.58647
1.615692 0.9318005 20.6056
-4.412414 -6.5924 20.02862
3.41332 4.904573 16.97503
5.376586 -1.346474 31.42443
-11.39942 -18.45415 20.31414
8.640267 0.9379303 34.90309
2.717626 -1.550584 27.31959
-12.67295 -19.30795 23.68093
-4.505875 -8.333064 10.24981
11.31399 15.77784 24.71008
2.13582 1.445447 21.17339
0.8332601 -1.879819 24.26722
-0.7184467 -1.356399 15.34263
-11.24273 -1.488474 39.03842
-14.9826 -18.6348 31.90579
7.738708 3.712805 30.80862
2.842356 1.197511 23.66744
-4.67365 -7.223404 16.34451
9.28922 1.260009 35.77609
17.06037 19.98141 36.21086
4.296217 6.007641 18.11702
13.98573 5.895025 41.14432
12.24935 4.634009 38.66746
-10.50316 -3.146621 36.50606
4.390342 0.3541986 28.04472
15.10834 12.22043 38.63151
1.601454 3.417636 21.13461
9.250269 -1.620028 37.76275
12.46774 8.903412 35.66525
-15.3593 -17.1427 34.58815
0.9481162 -1.257002 23.41309
-11.65888 -19.95803 18.43316
3.278489 5.070592 24.76885
11.15957 16.61678 22.74679
7.762132 13.31354 15.16549
8.756734 12.11101 22.50687
-4.455652 -1.858097 26.32928
-7.834338 0.7849553 34.88733
11.35906 14.3044 26.9881
-13.69067 -19.78168 26.46807
-4.176797 2.071852 30.22575
-15.3786 -19.6668 31.82795
7.709201 13.42524 14.52463
-3.487516 -6.091698 12.51048
13.61566 18.97325 27.37563
6.0267 9.753914 15.95942
-0.6788878 -1.438542 17.03331
7.066437 10.01931 20.90291
-10.87806 -17.96219 19.09656
3.74101 0.8432367 26.19492
13.51863 12.15943 35.01957
-3.217851 2.775802 29.46502
-1.79914 -2.66745 15.20513
1.61079 1.589371 18.64613
-12.778 -19.58931 23.60296
-5.988543 -9.445265 17.192
1.349996 -1.952402 25.41473
-0.9717153 -1.716608 13.4832
-13.90308 -7.474727 39.83198
2.887345 0.5945751 24.74434
5.618132 2.135663 28.34023
-3.601858 -5.621327 18.20729
3.24706 4.527852 17.33559
-13.98085 -5.606661 41.33574
8.815692 3.442656 33.12786
4.996539 -4.886561 33.77196
16.85828 12.05431 42.71825
-3.318319 -5.782553 12.58169
13.33461 13.35172 33.39659
3.971632 -1.119732 28.93777
-8.074341 -12.26868 19.28341
12.91746 6.527485 38.55444
4.637831 2.176351 26.29535
0.829017 1.491605 10.22916
-4.496225 3.352329 31.85662
14.07641 17.59743 30.56673
-15.59308 -10.51368 41.09276
-10.94052 -15.70338 23.575
-1.208441 3.501554 27.26306
-0.3024685 -1.036628 18.00146
-9.780558 -17.20673 15.62232
-3.807797 -5.856389 20.41778
1.860457 2.05657 18.33044
4.605559 5.169839 21.35682
6.207825 9.300335 18.16158
-1.842278 -4.96165 24.53454
-0.2983268 -0.9927539 17.78149
2.505917 4.81659 7.824352
-6.246389 -11.26708 12.1841
2.613381 4.149566 14.49142
-15.14948 -20.01656 30.72995
7.230984 10.39139 19.95338
-2.011909 -3.531233 12.21927
3.756738 2.052318 24.49849
10.32606 1.328988 37.53458
-1.035399 -4.980317 25.91474
-12.91751 -5.211139 39.53595
0.6526197 3.266151 23.5849
-0.5722945 -1.463594 18.26557
11.64435 16.94535 23.91027
-1.972871 1.054776 25.29722
-7.263859 -13.09605 12.77709
7.723216 13.47898 14.44506
3.656031 2.879378 22.85984
1.378032 0.1715697 21.642
3.961551 1.939427 25.14193
-0.3720411 -1.020396 17.27114
7.787717 1.365064 33.07375
-3.392579 -4.604149 17.86204
5.742463 9.32676 16.06457
0.3970835 2.482955 22.51193
9.5457 15.6267 18.20868
-3.695103 2.166049 29.57563
-3.692571 3.625369 30.95999
-5.196216 -8.595486 14.78879
9.08644 14.78892 18.02263
1.946278 3.267498 15.70423
1.410891 3.500881 22.11627
-9.785202 -3.792993 34.65438
-2.255307 3.507461 28.81162
1.735404 3.4887 20.79251
2.361389 -1.337287 26.42494
1.149266 3.294592 22.36142
-1.5658 -2.768841 11.95303
-15.51288 -23.99445 26.59037
-8.5168 0.3740771 35.69473
2.744423 4.724528 13.08839
3.771453 5.725844 16.17108
1.621472 3.063618 8.480086
2.171797 5.755231 25.48075
3.855348 6.765999 12.39393
-14.21062 -8.345558 39.80694
9.665418 15.00279 20.11475
-16.02914 -15.69201 37.72405
14.87839 17.38835 33.03634
-3.32758 -5.232349 18.63173
-1.211613 -2.168054 16.34751
-9.086913 -17.35582 11.22732
12.24211 5.156766 38.2645
-14.17759 -19.47068 28.46758
2.410328 4.099296 13.76369
-0.9009615 4.104638 27.54602
-2.569993 -3.889786 15.44358
2.906113 4.945357 13.62434
-4.884024 -9.231628 9.391439
