1000
5
1.320483
1.0107 1.1608 1.0858 1.0204 0.80598
1.0229 1.1671 1.0693 1.0012 0.76983
1.045 1.161 1.0567 0.97249 0.74101
1.0757 1.146 1.0474 0.93495 0.72052
1.1101 1.1263 1.0401 0.89187 0.70847
1.1407 1.1053 1.0322 0.8476 0.70411
1.1608 1.0858 1.0204 0.80598 0.70598
1.1671 1.0693 1.0012 0.76983 0.71233
1.161 1.0567 0.97249 0.74101 0.72153
1.146 1.0474 0.93495 0.72052 0.73263
1.1263 1.0401 0.89187 0.70847 0.74569
1.1053 1.0322 0.8476 0.70411 0.76206
1.0858 1.0204 0.80598 0.70598 0.78426
1.0693 1.0012 0.76983 0.71233 0.815
1.0567 0.97249 0.74101 0.72153 0.85525
1.0474 0.93495 0.72052 0.73263 0.90261
1.0401 0.89187 0.70847 0.74569 0.95212
1.0322 0.8476 0.70411 0.76206 0.99901
1.0204 0.80598 0.70598 0.78426 1.0405
1.0012 0.76983 0.71233 0.815 1.0758
0.97249 0.74101 0.72153 0.85525 1.1056
0.93495 0.72052 0.73263 0.90261 1.131
0.89187 0.70847 0.74569 0.95212 1.1535
0.8476 0.70411 0.76206 0.99901 1.1741
0.80598 0.70598 0.78426 1.0405 1.1935
0.76983 0.71233 0.815 1.0758 1.2122
0.74101 0.72153 0.85525 1.1056 1.2304
0.72052 0.73263 0.90261 1.131 1.248
0.70847 0.74569 0.95212 1.1535 1.2653
0.70411 0.76206 0.99901 1.1741 1.2821
0.70598 0.78426 1.0405 1.1935 1.2974
0.71233 0.815 1.0758 1.2122 1.3086
0.72153 0.85525 1.1056 1.2304 1.3105
0.73263 0.90261 1.131 1.248 1.2981
0.74569 0.95212 1.1535 1.2653 1.2701
0.76206 0.99901 1.1741 1.2821 1.2289
0.78426 1.0405 1.1935 1.2974 1.1785
0.815 1.0758 1.2122 1.3086 1.1228
0.85525 1.1056 1.2304 1.3105 1.0646
0.90261 1.131 1.248 1.2981 1.0057
0.95212 1.1535 1.2653 1.2701 0.94742
0.99901 1.1741 1.2821 1.2289 0.89034
1.0405 1.1935 1.2974 1.1785 0.835
1.0758 1.2122 1.3086 1.1228 0.78171
1.1056 1.2304 1.3105 1.0646 0.73068
1.131 1.248 1.2981 1.0057 0.68205
1.1535 1.2653 1.2701 0.94742 0.63592
1.1741 1.2821 1.2289 0.89034 0.59241
1.1935 1.2974 1.1785 0.835 0.55188
1.2122 1.3086 1.1228 0.78171 0.51501
1.2304 1.3105 1.0646 0.73068 0.48293
1.248 1.2981 1.0057 0.68205 0.45724
1.2653 1.2701 0.94742 0.63592 0.44014
1.2821 1.2289 0.89034 0.59241 0.43462
1.2974 1.1785 0.835 0.55188 0.44433
1.3086 1.1228 0.78171 0.51501 0.47264
1.3105 1.0646 0.73068 0.48293 0.52063
1.2981 1.0057 0.68205 0.45724 0.58502
1.2701 0.94742 0.63592 0.44014 0.65841
1.2289 0.89034 0.59241 0.43462 0.73219
1.1785 0.835 0.55188 0.44433 0.79961
1.1228 0.78171 0.51501 0.47264 0.85681
1.0646 0.73068 0.48293 0.52063 0.90231
1.0057 0.68205 0.45724 0.58502 0.93618
0.94742 0.63592 0.44014 0.65841 0.95925
0.89034 0.59241 0.43462 0.73219 0.97272
0.835 0.55188 0.44433 0.79961 0.97805
0.78171 0.51501 0.47264 0.85681 0.97683
0.73068 0.48293 0.52063 0.90231 0.97086
0.68205 0.45724 0.58502 0.93618 0.96222
0.63592 0.44014 0.65841 0.95925 0.95335
0.59241 0.43462 0.73219 0.97272 0.94717
0.55188 0.44433 0.79961 0.97805 0.94694
0.51501 0.47264 0.85681 0.97683 0.95577
0.48293 0.52063 0.90231 0.97086 0.97564
0.45724 0.58502 0.93618 0.96222 1.0062
0.44014 0.65841 0.95925 0.95335 1.0439
0.43462 0.73219 0.97272 0.94717 1.0821
0.44433 0.79961 0.97805 0.94694 1.1135
0.47264 0.85681 0.97683 0.95577 1.134
0.52063 0.90231 0.97086 0.97564 1.1436
0.58502 0.93618 0.96222 1.0062 1.1447
0.65841 0.95925 0.95335 1.0439 1.1411
0.73219 0.97272 0.94717 1.0821 1.1359
0.79961 0.97805 0.94694 1.1135 1.1316
0.85681 0.97683 0.95577 1.134 1.1298
0.90231 0.97086 0.97564 1.1436 1.1313
0.93618 0.96222 1.0062 1.1447 1.1356
0.95925 0.95335 1.0439 1.1411 1.1416
0.97272 0.94717 1.0821 1.1359 1.147
0.97805 0.94694 1.1135 1.1316 1.1491
0.97683 0.95577 1.134 1.1298 1.144
0.97086 0.97564 1.1436 1.1313 1.1279
0.96222 1.0062 1.1447 1.1356 1.0989
0.95335 1.0439 1.1411 1.1416 1.0586
0.94717 1.0821 1.1359 1.147 1.0118
0.94694 1.1135 1.1316 1.1491 0.96331
0.95577 1.134 1.1298 1.144 0.91675
0.97564 1.1436 1.1313 1.1279 0.8743
1.0062 1.1447 1.1356 1.0989 0.8369
1.0439 1.1411 1.1416 1.0586 0.80451
1.0821 1.1359 1.147 1.0118 0.77644
1.1135 1.1316 1.1491 0.96331 0.75153
1.134 1.1298 1.144 0.91675 0.72858
1.1436 1.1313 1.1279 0.8743 0.70656
1.1447 1.1356 1.0989 0.8369 0.68498
1.1411 1.1416 1.0586 0.80451 0.66396
1.1359 1.147 1.0118 0.77644 0.64441
1.1316 1.1491 0.96331 0.75153 0.62809
1.1298 1.144 0.91675 0.72858 0.61788
1.1313 1.1279 0.8743 0.70656 0.61771
1.1356 1.0989 0.8369 0.68498 0.63172
1.1416 1.0586 0.80451 0.66396 0.66224
1.147 1.0118 0.77644 0.64441 0.70783
1.1491 0.96331 0.75153 0.62809 0.7634
1.144 0.91675 0.72858 0.61788 0.82272
1.1279 0.8743 0.70656 0.61771 0.88073
1.0989 0.8369 0.68498 0.63172 0.93442
1.0586 0.80451 0.66396 0.66224 0.98238
1.0118 0.77644 0.64441 0.70783 1.0242
0.96331 0.75153 0.62809 0.7634 1.0597
0.91675 0.72858 0.61788 0.82272 1.0893
0.8743 0.70656 0.61771 0.88073 1.1131
0.8369 0.68498 0.63172 0.93442 1.1315
0.80451 0.66396 0.66224 0.98238 1.145
0.77644 0.64441 0.70783 1.0242 1.1544
0.75153 0.62809 0.7634 1.0597 1.1612
0.72858 0.61788 0.82272 1.0893 1.1673
0.70656 0.61771 0.88073 1.1131 1.1753
0.68498 0.63172 0.93442 1.1315 1.1875
0.66396 0.66224 0.98238 1.145 1.2051
0.64441 0.70783 1.0242 1.1544 1.2265
0.62809 0.7634 1.0597 1.1612 1.2469
0.61788 0.82272 1.0893 1.1673 1.2591
0.61771 0.88073 1.1131 1.1753 1.2573
0.63172 0.93442 1.1315 1.1875 1.2394
0.66224 0.98238 1.145 1.2051 1.2073
0.70783 1.0242 1.1544 1.2265 1.1648
0.7634 1.0597 1.1612 1.2469 1.1158
0.82272 1.0893 1.1673 1.2591 1.0637
0.88073 1.1131 1.1753 1.2573 1.011
0.93442 1.1315 1.1875 1.2394 0.95947
0.98238 1.145 1.2051 1.2073 0.91039
1.0242 1.1544 1.2265 1.1648 0.86424
1.0597 1.1612 1.2469 1.1158 0.82098
1.0893 1.1673 1.2591 1.0637 0.77996
1.1131 1.1753 1.2573 1.011 0.74012
1.1315 1.1875 1.2394 0.95947 0.70044
1.145 1.2051 1.2073 0.91039 0.6606
1.1544 1.2265 1.1648 0.86424 0.62127
1.1612 1.2469 1.1158 0.82098 0.5839
1.1673 1.2591 1.0637 0.77996 0.55035
1.1753 1.2573 1.011 0.74012 0.52267
1.1875 1.2394 0.95947 0.70044 0.50324
1.2051 1.2073 0.91039 0.6606 0.49495
1.2265 1.1648 0.86424 0.62127 0.50105
1.2469 1.1158 0.82098 0.5839 0.5243
1.2591 1.0637 0.77996 0.55035 0.56538
1.2573 1.011 0.74012 0.52267 0.6215
1.2394 0.95947 0.70044 0.50324 0.68692
1.2073 0.91039 0.6606 0.49495 0.75501
1.1648 0.86424 0.62127 0.50105 0.82033
1.1158 0.82098 0.5839 0.5243 0.8793
1.0637 0.77996 0.55035 0.56538 0.92987
1.011 0.74012 0.52267 0.6215 0.971
0.95947 0.70044 0.50324 0.68692 1.0024
0.91039 0.6606 0.49495 0.75501 1.0242
0.86424 0.62127 0.50105 0.82033 1.0374
0.82098 0.5839 0.5243 0.8793 1.0431
0.77996 0.55035 0.56538 0.92987 1.0432
0.74012 0.52267 0.6215 0.971 1.0396
0.70044 0.50324 0.68692 1.0024 1.0348
0.6606 0.49495 0.75501 1.0242 1.0316
0.62127 0.50105 0.82033 1.0374 1.033
0.5839 0.5243 0.8793 1.0431 1.042
0.55035 0.56538 0.92987 1.0432 1.0601
0.52267 0.6215 0.971 1.0396 1.087
0.50324 0.68692 1.0024 1.0348 1.1191
0.49495 0.75501 1.0242 1.0316 1.1498
0.50105 0.82033 1.0374 1.033 1.1715
0.5243 0.8793 1.0431 1.042 1.1793
0.56538 0.92987 1.0432 1.0601 1.173
0.6215 0.971 1.0396 1.087 1.1556
0.68692 1.0024 1.0348 1.1191 1.1315
0.75501 1.0242 1.0316 1.1498 1.1046
0.82033 1.0374 1.033 1.1715 1.0781
0.8793 1.0431 1.042 1.1793 1.0541
0.92987 1.0432 1.0601 1.173 1.0338
0.971 1.0396 1.087 1.1556 1.0172
1.0024 1.0348 1.1191 1.1315 1.0034
1.0242 1.0316 1.1498 1.1046 0.99041
1.0374 1.033 1.1715 1.0781 0.97521
1.0431 1.042 1.1793 1.0541 0.95465
1.0432 1.0601 1.173 1.0338 0.92645
1.0396 1.087 1.1556 1.0172 0.89049
1.0348 1.1191 1.1315 1.0034 0.84919
1.0316 1.1498 1.1046 0.99041 0.80637
1.033 1.1715 1.0781 0.97521 0.76582
1.042 1.1793 1.0541 0.95465 0.73058
1.0601 1.173 1.0338 0.92645 0.70297
1.087 1.1556 1.0172 0.89049 0.68457
1.1191 1.1315 1.0034 0.84919 0.67617
1.1498 1.1046 0.99041 0.80637 0.67755
1.1715 1.0781 0.97521 0.76582 0.68754
1.1793 1.0541 0.95465 0.73058 0.7043
1.173 1.0338 0.92645 0.70297 0.72584
1.1556 1.0172 0.89049 0.68457 0.75062
1.1315 1.0034 0.84919 0.67617 0.77798
1.1046 0.99041 0.80637 0.67755 0.80834
1.0781 0.97521 0.76582 0.68754 0.84297
1.0541 0.95465 0.73058 0.7043 0.88304
1.0338 0.92645 0.70297 0.72584 0.92804
1.0172 0.89049 0.68457 0.75062 0.97497
1.0034 0.84919 0.67617 0.77798 1.0197
0.99041 0.80637 0.67755 0.80834 1.0589
0.97521 0.76582 0.68754 0.84297 1.0914
0.95465 0.73058 0.7043 0.88304 1.1175
0.92645 0.70297 0.72584 0.92804 1.1386
0.89049 0.68457 0.75062 0.97497 1.1564
0.84919 0.67617 0.77798 1.0197 1.1728
0.80637 0.67755 0.80834 1.0589 1.189
0.76582 0.68754 0.84297 1.0914 1.206
0.73058 0.7043 0.88304 1.1175 1.224
0.70297 0.72584 0.92804 1.1386 1.2427
0.68457 0.75062 0.97497 1.1564 1.2614
0.67617 0.77798 1.0197 1.1728 1.2788
0.67755 0.80834 1.0589 1.189 1.2929
0.68754 0.84297 1.0914 1.206 1.3004
0.7043 0.88304 1.1175 1.224 1.2965
0.72584 0.92804 1.1386 1.2427 1.2776
0.75062 0.97497 1.1564 1.2614 1.2436
0.77798 1.0197 1.1728 1.2788 1.1979
0.80834 1.0589 1.189 1.2929 1.145
0.84297 1.0914 1.206 1.3004 1.0887
0.88304 1.1175 1.224 1.2965 1.0316
0.92804 1.1386 1.2427 1.2776 0.97516
0.97497 1.1564 1.2614 1.2436 0.92005
1.0197 1.1728 1.2788 1.1979 0.86655
1.0589 1.189 1.2929 1.145 0.81466
1.0914 1.206 1.3004 1.0887 0.76439
1.1175 1.224 1.2965 1.0316 0.71583
1.1386 1.2427 1.2776 0.97516 0.66915
1.1564 1.2614 1.2436 0.92005 0.62464
1.1728 1.2788 1.1979 0.86655 0.58271
1.189 1.2929 1.145 0.81466 0.54395
1.206 1.3004 1.0887 0.76439 0.50931
1.224 1.2965 1.0316 0.71583 0.48016
1.2427 1.2776 0.97516 0.66915 0.45851
1.2614 1.2436 0.92005 0.62464 0.44705
1.2788 1.1979 0.86655 0.58271 0.44922
1.2929 1.145 0.81466 0.54395 0.4685
1.3004 1.0887 0.76439 0.50931 0.50693
1.2965 1.0316 0.71583 0.48016 0.5631
1.2776 0.97516 0.66915 0.45851 0.63157
1.2436 0.92005 0.62464 0.44705 0.70461
1.1979 0.86655 0.58271 0.44922 0.77492
1.145 0.81466 0.54395 0.4685 0.83738
1.0887 0.76439 0.50931 0.50693 0.88929
1.0316 0.71583 0.48016 0.5631 0.92977
0.97516 0.66915 0.45851 0.63157 0.95911
0.92005 0.62464 0.44705 0.70461 0.97824
0.86655 0.58271 0.44922 0.77492 0.98844
0.81466 0.54395 0.4685 0.83738 0.9912
0.76439 0.50931 0.50693 0.88929 0.9882
0.71583 0.48016 0.5631 0.92977 0.98139
0.66915 0.45851 0.63157 0.95911 0.97306
0.62464 0.44705 0.70461 0.97824 0.96593
0.58271 0.44922 0.77492 0.98844 0.96313
0.54395 0.4685 0.83738 0.9912 0.96785
0.50931 0.50693 0.88929 0.9882 0.98258
0.48016 0.5631 0.92977 0.98139 1.0081
0.45851 0.63157 0.95911 0.97306 1.0423
0.44705 0.70461 0.97824 0.96593 1.0799
0.44922 0.77492 0.98844 0.96313 1.1134
0.4685 0.83738 0.9912 0.96785 1.1367
0.50693 0.88929 0.9882 0.98258 1.1479
0.5631 0.92977 0.98139 1.0081 1.1487
0.63157 0.95911 0.97306 1.0423 1.1427
0.70461 0.97824 0.96593 1.0799 1.1335
0.77492 0.98844 0.96313 1.1134 1.1241
0.83738 0.9912 0.96785 1.1367 1.1168
0.88929 0.9882 0.98258 1.1479 1.1126
0.92977 0.98139 1.0081 1.1487 1.1119
0.95911 0.97306 1.0423 1.1427 1.1138
0.97824 0.96593 1.0799 1.1335 1.1165
0.98844 0.96313 1.1134 1.1241 1.1172
0.9912 0.96785 1.1367 1.1168 1.1126
0.9882 0.98258 1.1479 1.1126 1.0988
0.98139 1.0081 1.1487 1.1119 1.0732
0.97306 1.0423 1.1427 1.1138 1.0361
0.96593 1.0799 1.1335 1.1165 0.99148
0.96313 1.1134 1.1241 1.1172 0.94413
0.96785 1.1367 1.1168 1.1126 0.89822
0.98258 1.1479 1.1126 1.0988 0.85646
1.0081 1.1487 1.1119 1.0732 0.8203
1.0423 1.1427 1.1138 1.0361 0.79017
1.0799 1.1335 1.1165 0.99148 0.76566
1.1134 1.1241 1.1172 0.94413 0.74571
1.1367 1.1168 1.1126 0.89822 0.72894
1.1479 1.1126 1.0988 0.85646 0.714
1.1487 1.1119 1.0732 0.8203 0.69988
1.1427 1.1138 1.0361 0.79017 0.68628
1.1335 1.1165 0.99148 0.76566 0.67374
1.1241 1.1172 0.94413 0.74571 0.66382
1.1168 1.1126 0.89822 0.72894 0.65929
1.1126 1.0988 0.85646 0.714 0.66405
1.1119 1.0732 0.8203 0.69988 0.68213
1.1138 1.0361 0.79017 0.68628 0.71561
1.1165 0.99148 0.76566 0.67374 0.76249
1.1172 0.94413 0.74571 0.66382 0.81733
1.1126 0.89822 0.72894 0.65929 0.87401
1.0988 0.85646 0.714 0.66405 0.92803
1.0732 0.8203 0.69988 0.68213 0.97707
1.0361 0.79017 0.68628 0.71561 1.0204
0.99148 0.76566 0.67374 0.76249 1.058
0.94413 0.74571 0.66382 0.81733 1.0905
0.89822 0.72894 0.65929 0.87401 1.118
0.85646 0.714 0.66405 0.92803 1.1412
0.8203 0.69988 0.68213 0.97707 1.1603
0.79017 0.68628 0.71561 1.0204 1.1757
0.76566 0.67374 0.76249 1.058 1.1881
0.74571 0.66382 0.81733 1.0905 1.1986
0.72894 0.65929 0.87401 1.118 1.2088
0.714 0.66405 0.92803 1.1412 1.2208
0.69988 0.68213 0.97707 1.1603 1.2362
0.68628 0.71561 1.0204 1.1757 1.2547
0.67374 0.76249 1.058 1.1881 1.2726
0.66382 0.81733 1.0905 1.1986 1.2835
0.65929 0.87401 1.118 1.2088 1.2812
0.66405 0.92803 1.1412 1.2208 1.263
0.68213 0.97707 1.1603 1.2362 1.2301
0.71561 1.0204 1.1757 1.2547 1.1861
0.76249 1.058 1.1881 1.2726 1.1347
0.81733 1.0905 1.1986 1.2835 1.0792
0.87401 1.118 1.2088 1.2812 1.0223
0.92803 1.1412 1.2208 1.263 0.96571
0.97707 1.1603 1.2362 1.2301 0.91083
1.0204 1.1757 1.2547 1.1861 0.8584
1.058 1.1881 1.2726 1.1347 0.80876
1.0905 1.1986 1.2835 1.0792 0.76182
1.118 1.2088 1.2812 1.0223 0.71714
1.1412 1.2208 1.263 0.96571 0.6741
1.1603 1.2362 1.2301 0.91083 0.63233
1.1757 1.2547 1.1861 0.8584 0.59212
1.1881 1.2726 1.1347 0.80876 0.55437
1.1986 1.2835 1.0792 0.76182 0.5205
1.2088 1.2812 1.0223 0.71714 0.49219
1.2208 1.263 0.96571 0.6741 0.47156
1.2362 1.2301 0.91083 0.63233 0.46136
1.2547 1.1861 0.8584 0.59212 0.46506
1.2726 1.1347 0.80876 0.55437 0.48615
1.2835 1.0792 0.76182 0.5205 0.52651
1.2812 1.0223 0.71714 0.49219 0.58418
1.263 0.96571 0.6741 0.47156 0.65303
1.2301 0.91083 0.63233 0.46136 0.72511
1.1861 0.8584 0.59212 0.46506 0.79358
1.1347 0.80876 0.55437 0.48615 0.85409
1.0792 0.76182 0.5205 0.52651 0.90456
1.0223 0.71714 0.49219 0.58418 0.94434
0.96571 0.6741 0.47156 0.65303 0.97361
0.91083 0.63233 0.46136 0.72511 0.99306
0.8584 0.59212 0.46506 0.79358 1.0038
0.80876 0.55437 0.48615 0.85409 1.0072
0.76182 0.5205 0.52651 0.90456 1.0049
0.71714 0.49219 0.58418 0.94434 0.999
0.6741 0.47156 0.65303 0.97361 0.9917
0.63233 0.46136 0.72511 0.99306 0.9858
0.59212 0.46506 0.79358 1.0038 0.98445
0.55437 0.48615 0.85409 1.0072 0.99081
0.5205 0.52651 0.90456 1.0049 1.0072
0.49219 0.58418 0.94434 0.999 1.0339
0.47156 0.65303 0.97361 0.9917 1.0682
0.46136 0.72511 0.99306 0.9858 1.104
0.46506 0.79358 1.0038 0.98445 1.1336
0.48615 0.85409 1.0072 0.99081 1.1517
0.52651 0.90456 1.0049 1.0072 1.157
0.58418 0.94434 0.999 1.0339 1.1519
0.65303 0.97361 0.9917 1.0682 1.1401
0.72511 0.99306 0.9858 1.104 1.1253
0.79358 1.0038 0.98445 1.1336 1.1106
0.85409 1.0072 0.99081 1.1517 1.0982
0.90456 1.0049 1.0072 1.157 1.0893
0.94434 0.999 1.0339 1.1519 1.0839
0.97361 0.9917 1.0682 1.1401 1.0813
0.99306 0.9858 1.104 1.1253 1.0794
1.0038 0.98445 1.1336 1.1106 1.0753
1.0072 0.99081 1.1517 1.0982 1.0654
1.0049 1.0072 1.157 1.0893 1.0461
0.999 1.0339 1.1519 1.0839 1.0159
0.9917 1.0682 1.1401 1.0813 0.97616
0.9858 1.104 1.1253 1.0794 0.93116
0.98445 1.1336 1.1106 1.0753 0.88547
0.99081 1.1517 1.0982 1.0654 0.84276
1.0072 1.157 1.0893 1.0461 0.80544
1.0339 1.1519 1.0839 1.0159 0.77487
1.0682 1.1401 1.0813 0.97616 0.75145
1.104 1.1253 1.0794 0.93116 0.73477
1.1336 1.1106 1.0753 0.88547 0.72369
1.1517 1.0982 1.0654 0.84276 0.71668
1.157 1.0893 1.0461 0.80544 0.71218
1.1519 1.0839 1.0159 0.77487 0.70904
1.1401 1.0813 0.97616 0.75145 0.70685
1.1253 1.0794 0.93116 0.73477 0.70632
1.1106 1.0753 0.88547 0.72369 0.70941
1.0982 1.0654 0.84276 0.71668 0.71938
1.0893 1.0461 0.80544 0.71218 0.74
1.0839 1.0159 0.77487 0.70904 0.77362
1.0813 0.97616 0.75145 0.70685 0.81894
1.0794 0.93116 0.73477 0.70632 0.87101
1.0753 0.88547 0.72369 0.70941 0.92397
1.0654 0.84276 0.71668 0.71938 0.97354
1.0461 0.80544 0.71218 0.74 1.0177
1.0159 0.77487 0.70904 0.77362 1.0561
0.97616 0.75145 0.70685 0.81894 1.0893
0.93116 0.73477 0.70632 0.87101 1.1182
0.88547 0.72369 0.70941 0.92397 1.1435
0.84276 0.71668 0.71938 0.97354 1.1658
0.80544 0.71218 0.74 1.0177 1.1856
0.77487 0.70904 0.77362 1.0561 1.2032
0.75145 0.70685 0.81894 1.0893 1.2191
0.73477 0.70632 0.87101 1.1182 1.2339
0.72369 0.70941 0.92397 1.1435 1.2485
0.71668 0.71938 0.97354 1.1658 1.2639
0.71218 0.74 1.0177 1.1856 1.2804
0.70904 0.77362 1.0561 1.2032 1.2958
0.70685 0.81894 1.0893 1.2191 1.305
0.70632 0.87101 1.1182 1.2339 1.3018
0.70941 0.92397 1.1435 1.2485 1.2829
0.71938 0.97354 1.1658 1.2639 1.2492
0.74 1.0177 1.1856 1.2804 1.204
0.77362 1.0561 1.2032 1.2958 1.1513
0.81894 1.0893 1.2191 1.305 1.0942
0.87101 1.1182 1.2339 1.3018 1.0352
0.92397 1.1435 1.2485 1.2829 0.97607
0.97354 1.1658 1.2639 1.2492 0.91797
1.0177 1.1856 1.2804 1.204 0.86172
1.0561 1.2032 1.2958 1.1513 0.80783
1.0893 1.2191 1.305 1.0942 0.75653
1.1182 1.2339 1.3018 1.0352 0.70783
1.1435 1.2485 1.2829 0.97607 0.66156
1.1658 1.2639 1.2492 0.91797 0.61758
1.1856 1.2804 1.204 0.86172 0.576
1.2032 1.2958 1.1513 0.80783 0.5374
1.2191 1.305 1.0942 0.75653 0.50281
1.2339 1.3018 1.0352 0.70783 0.47363
1.2485 1.2829 0.97607 0.66156 0.45175
1.2639 1.2492 0.91797 0.61758 0.43972
1.2804 1.204 0.86172 0.576 0.44092
1.2958 1.1513 0.80783 0.5374 0.45914
1.305 1.0942 0.75653 0.50281 0.49708
1.3018 1.0352 0.70783 0.47363 0.55386
1.2829 0.97607 0.66156 0.45175 0.62377
1.2492 0.91797 0.61758 0.43972 0.69821
1.204 0.86172 0.576 0.44092 0.76924
1.1513 0.80783 0.5374 0.45914 0.83169
1.0942 0.75653 0.50281 0.49708 0.88314
1.0352 0.70783 0.47363 0.55386 0.92302
0.97607 0.66156 0.45175 0.62377 0.95179
0.91797 0.61758 0.43972 0.69821 0.9704
0.86172 0.576 0.44092 0.76924 0.98013
0.80783 0.5374 0.45914 0.83169 0.98246
0.75653 0.50281 0.49708 0.88314 0.97906
0.70783 0.47363 0.55386 0.92302 0.97184
0.66156 0.45175 0.62377 0.95179 0.96302
0.61758 0.43972 0.69821 0.9704 0.95527
0.576 0.44092 0.76924 0.98013 0.95172
0.5374 0.45914 0.83169 0.98246 0.95567
0.50281 0.49708 0.88314 0.97906 0.96985
0.47363 0.55386 0.92302 0.97184 0.99523
0.45175 0.62377 0.95179 0.96302 1.0298
0.43972 0.69821 0.9704 0.95527 1.0683
0.44092 0.76924 0.98013 0.95172 1.1033
0.45914 0.83169 0.98246 0.95567 1.1288
0.49708 0.88314 0.97906 0.96985 1.1426
0.55386 0.92302 0.97184 0.99523 1.1464
0.62377 0.95179 0.96302 1.0298 1.1434
0.69821 0.9704 0.95527 1.0683 1.1372
0.76924 0.98013 0.95172 1.1033 1.1307
0.83169 0.98246 0.95567 1.1288 1.1261
0.88314 0.97906 0.96985 1.1426 1.1245
0.92302 0.97184 0.99523 1.1464 1.1262
0.95179 0.96302 1.0298 1.1434 1.1304
0.9704 0.95527 1.0683 1.1372 1.1354
0.98013 0.95172 1.1033 1.1307 1.1385
0.98246 0.95567 1.1288 1.1261 1.1365
0.97906 0.96985 1.1426 1.1245 1.1253
0.97184 0.99523 1.1464 1.1262 1.1019
0.96302 1.0298 1.1434 1.1304 1.0663
0.95527 1.0683 1.1372 1.1354 1.022
0.95172 1.1033 1.1307 1.1385 0.97404
0.95567 1.1288 1.1261 1.1365 0.92672
0.96985 1.1426 1.1245 1.1253 0.88288
0.99523 1.1464 1.1262 1.1019 0.84402
1.0298 1.1434 1.1304 1.0663 0.81058
1.0683 1.1372 1.1354 1.022 0.78217
1.1033 1.1307 1.1385 0.97404 0.75782
1.1288 1.1261 1.1365 0.92672 0.73625
1.1426 1.1245 1.1253 0.88288 0.71623
1.1464 1.1262 1.1019 0.84402 0.69689
1.1434 1.1304 1.0663 0.81058 0.67796
1.1307 1.1385 0.97404 0.75782 0.64422
1.1261 1.1365 0.92672 0.73625 0.63323
1.1245 1.1253 0.88288 0.71623 0.63059
1.1262 1.1019 0.84402 0.69689 0.64055
1.1304 1.0663 0.81058 0.67796 0.66631
1.1354 1.022 0.78217 0.65995 0.70772
1.1385 0.97404 0.75782 0.64422 0.76059
1.1365 0.92672 0.73625 0.63323 0.81869
1.1253 0.88288 0.71623 0.63059 0.87652
1.1019 0.84402 0.69689 0.64055 0.93055
1.0663 0.81058 0.67796 0.66631 0.97911
1.022 0.78217 0.65995 0.70772 1.0217
0.97404 0.75782 0.64422 0.76059 1.0583
0.92672 0.73625 0.63323 0.81869 1.0893
0.88288 0.71623 0.63059 0.87652 1.1147
0.84402 0.69689 0.64055 0.93055 1.1351
0.81058 0.67796 0.66631 0.97911 1.1507
0.78217 0.65995 0.70772 1.0217 1.1624
0.75782 0.64422 0.76059 1.0583 1.171
0.73625 0.63323 0.81869 1.0893 1.1784
0.71623 0.63059 0.87652 1.1147 1.1868
0.69689 0.64055 0.93055 1.1351 1.1985
0.67796 0.66631 0.97911 1.1507 1.215
0.65995 0.70772 1.0217 1.1624 1.2354
0.64422 0.76059 1.0583 1.171 1.2551
0.63323 0.81869 1.0893 1.1784 1.2672
0.63059 0.87652 1.1147 1.1868 1.2657
0.64055 0.93055 1.1351 1.1985 1.2483
0.66631 0.97911 1.1507 1.215 1.2163
0.70772 1.0217 1.1624 1.2354 1.1735
0.76059 1.0583 1.171 1.2551 1.1237
0.81869 1.0893 1.1784 1.2672 1.0703
0.87652 1.1147 1.1868 1.2657 1.0159
0.93055 1.1351 1.1985 1.2483 0.9624
0.97911 1.1507 1.215 1.2163 0.91102
1.0217 1.1624 1.2354 1.1735 0.86243
1.0583 1.171 1.2551 1.1237 0.81674
1.0893 1.1784 1.2672 1.0703 0.77354
1.1147 1.1868 1.2657 1.0159 0.73198
1.1351 1.1985 1.2483 0.9624 0.69118
1.1507 1.215 1.2163 0.91102 0.65075
1.1624 1.2354 1.1735 0.86243 0.61115
1.171 1.2551 1.1237 0.81674 0.57364
1.1784 1.2672 1.0703 0.77354 0.5399
1.1868 1.2657 1.0159 0.73198 0.51185
1.1985 1.2483 0.9624 0.69118 0.49177
1.215 1.2163 0.91102 0.65075 0.4825
1.2354 1.1735 0.86243 0.61115 0.48739
1.2551 1.1237 0.81674 0.57364 0.50955
1.2672 1.0703 0.77354 0.5399 0.55013
1.2657 1.0159 0.73198 0.51185 0.6067
1.2483 0.9624 0.69118 0.49177 0.67336
1.2163 0.91102 0.65075 0.4825 0.74299
1.1735 0.86243 0.61115 0.48739 0.8096
1.1237 0.81674 0.57364 0.50955 0.86929
1.0703 0.77354 0.5399 0.55013 0.91999
1.0159 0.73198 0.51185 0.6067 0.9608
0.9624 0.69118 0.49177 0.67336 0.99155
0.91102 0.65075 0.4825 0.74299 1.0127
0.86243 0.61115 0.48739 0.8096 1.0251
0.81674 0.57364 0.50955 0.86929 1.0301
0.77354 0.5399 0.55013 0.91999 1.0293
0.73198 0.51185 0.6067 0.9608 1.0249
0.69118 0.49177 0.67336 0.99155 1.0191
0.65075 0.4825 0.74299 1.0127 1.0148
0.61115 0.48739 0.8096 1.0251 1.0151
0.57364 0.50955 0.86929 1.0301 1.023
0.5399 0.55013 0.91999 1.0293 1.0403
0.51185 0.6067 0.9608 1.0249 1.0671
0.49177 0.67336 0.99155 1.0191 1.1
0.4825 0.74299 1.0127 1.0148 1.1328
0.48739 0.8096 1.0251 1.0151 1.1577
0.50955 0.86929 1.0301 1.023 1.1696
0.55013 0.91999 1.0293 1.0403 1.1678
0.6067 0.9608 1.0249 1.0671 1.155
0.67336 0.99155 1.0191 1.1 1.1354
0.74299 1.0127 1.0148 1.1328 1.1129
0.8096 1.0251 1.0151 1.1577 1.0906
0.86929 1.0301 1.023 1.1696 1.0707
0.91999 1.0293 1.0403 1.1678 1.0544
0.9608 1.0249 1.0671 1.155 1.0419
0.99155 1.0191 1.1 1.1354 1.0322
1.0127 1.0148 1.1328 1.1129 1.0234
1.0251 1.0151 1.1577 1.0906 1.0123
1.0301 1.023 1.1696 1.0707 0.99568
1.0293 1.0403 1.1678 1.0544 0.97062
1.0249 1.0671 1.155 1.0419 0.9365
1.0191 1.1 1.1354 1.0322 0.89551
1.0148 1.1328 1.1129 1.0234 0.85166
1.0151 1.1577 1.0906 1.0123 0.80904
1.023 1.1696 1.0707 0.99568 0.77092
1.0403 1.1678 1.0544 0.97062 0.73962
1.0671 1.155 1.0419 0.9365 0.71661
1.1 1.1354 1.0322 0.89551 0.70252
1.1328 1.1129 1.0234 0.85166 0.69706
1.1577 1.0906 1.0123 0.80904 0.6991
1.1696 1.0707 0.99568 0.77092 0.70692
1.1678 1.0544 0.97062 0.73962 0.71873
1.155 1.0419 0.9365 0.71661 0.73311
1.1354 1.0322 0.89551 0.70252 0.74953
1.1129 1.0234 0.85166 0.69706 0.76865
1.0906 1.0123 0.80904 0.6991 0.7923
1.0707 0.99568 0.77092 0.70692 0.82294
1.0544 0.97062 0.73962 0.71873 0.86198
1.0419 0.9365 0.71661 0.73311 0.90794
1.0322 0.89551 0.70252 0.74953 0.95653
1.0234 0.85166 0.69706 0.76865 1.003
1.0123 0.80904 0.6991 0.7923 1.0441
0.99568 0.77092 0.70692 0.82294 1.079
0.97062 0.73962 0.71873 0.86198 1.108
0.9365 0.71661 0.73311 0.90794 1.1324
0.89551 0.70252 0.74953 0.95653 1.1538
0.85166 0.69706 0.76865 1.003 1.1735
0.80904 0.6991 0.7923 1.0441 1.1923
0.77092 0.70692 0.82294 1.079 1.2108
0.73962 0.71873 0.86198 1.108 1.2291
0.71661 0.73311 0.90794 1.1324 1.2472
0.70252 0.74953 0.95653 1.1538 1.265
0.69706 0.76865 1.003 1.1735 1.282
0.6991 0.7923 1.0441 1.1923 1.2971
0.70692 0.82294 1.079 1.2108 1.3074
0.71873 0.86198 1.108 1.2291 1.3082
0.73311 0.90794 1.1324 1.2472 1.2946
0.74953 0.95653 1.1538 1.265 1.2654
0.76865 1.003 1.1735 1.282 1.2233
0.7923 1.0441 1.1923 1.2971 1.1723
0.82294 1.079 1.2108 1.3074 1.1164
0.86198 1.108 1.2291 1.3082 1.0584
0.90794 1.1324 1.2472 1.2946 1.0001
0.95653 1.1538 1.265 1.2654 0.94241
1.003 1.1735 1.282 1.2233 0.88608
1.0441 1.1923 1.2971 1.1723 0.83141
1.079 1.2108 1.3074 1.1164 0.77867
1.108 1.2291 1.3082 1.0584 0.72806
1.1324 1.2472 1.2946 1.0001 0.67972
1.1538 1.265 1.2654 0.94241 0.63382
1.1735 1.282 1.2233 0.88608 0.59055
1.1923 1.2971 1.1723 0.83141 0.5503
1.2108 1.3074 1.1164 0.77867 0.51382
1.2291 1.3082 1.0584 0.72806 0.48224
1.2472 1.2946 1.0001 0.67972 0.45724
1.265 1.2654 0.94241 0.63382 0.44111
1.282 1.2233 0.88608 0.59055 0.43694
1.2971 1.1723 0.83141 0.5503 0.44837
1.3074 1.1164 0.77867 0.51382 0.47858
1.3082 1.0584 0.72806 0.48224 0.52818
1.2946 1.0001 0.67972 0.45724 0.59344
1.2654 0.94241 0.63382 0.44111 0.66686
1.2233 0.88608 0.59055 0.43694 0.74007
1.1723 0.83141 0.5503 0.44837 0.80662
1.1164 0.77867 0.51382 0.47858 0.86286
1.0584 0.72806 0.48224 0.52818 0.90745
1.0001 0.67972 0.45724 0.59344 0.94048
0.94241 0.63382 0.44111 0.66686 0.9628
0.88608 0.59055 0.43694 0.74007 0.97565
0.83141 0.5503 0.44837 0.80662 0.98047
0.77867 0.51382 0.47858 0.86286 0.97888
0.72806 0.48224 0.52818 0.90745 0.97272
0.67972 0.45724 0.59344 0.94048 0.96408
0.63382 0.44111 0.66686 0.9628 0.95548
0.59055 0.43694 0.74007 0.97565 0.94986
0.5503 0.44837 0.80662 0.98047 0.9505
0.51382 0.47858 0.86286 0.97888 0.9604
0.48224 0.52818 0.90745 0.97272 0.98135
0.45724 0.59344 0.94048 0.96408 1.0127
0.44111 0.66686 0.9628 0.95548 1.0506
0.43694 0.74007 0.97565 0.94986 1.0881
0.44837 0.80662 0.98047 0.9505 1.1182
0.47858 0.86286 0.97888 0.9604 1.1371
0.52818 0.90745 0.97272 0.98135 1.145
0.59344 0.94048 0.96408 1.0127 1.1448
0.66686 0.9628 0.95548 1.0506 1.1401
0.74007 0.97565 0.94986 1.0881 1.1341
0.80662 0.98047 0.9505 1.1182 1.1292
0.86286 0.97888 0.9604 1.1371 1.127
0.90745 0.97272 0.98135 1.145 1.1281
0.94048 0.96408 1.0127 1.1448 1.1321
0.9628 0.95548 1.0506 1.1401 1.1375
0.97565 0.94986 1.0881 1.1341 1.1422
0.98047 0.9505 1.1182 1.1292 1.1431
0.97888 0.9604 1.1371 1.127 1.1364
0.97272 0.98135 1.145 1.1281 1.1186
0.96408 1.0127 1.1448 1.1321 1.0879
0.95548 1.0506 1.1401 1.1375 1.0467
0.94986 1.0881 1.1341 1.1422 0.99954
0.9505 1.1182 1.1292 1.1431 0.95134
0.9604 1.1371 1.127 1.1364 0.90553
0.98135 1.145 1.1281 1.1186 0.86413
1.0127 1.1448 1.1321 1.0879 0.82796
1.0506 1.1401 1.1375 1.0467 0.79693
1.0881 1.1341 1.1422 0.99954 0.77026
1.1182 1.1292 1.1431 0.95134 0.74677
1.1371 1.127 1.1364 0.90553 0.72519
1.145 1.1281 1.1186 0.86413 0.70452
1.1448 1.1321 1.0879 0.82796 0.68428
1.1401 1.1375 1.0467 0.79693 0.66466
1.1341 1.1422 0.99954 0.77026 0.64666
1.1292 1.1431 0.95134 0.74677 0.63221
1.127 1.1364 0.90553 0.72519 0.62439
1.1281 1.1186 0.86413 0.70452 0.62728
1.1321 1.0879 0.82796 0.68428 0.64486
1.1375 1.0467 0.79693 0.66466 0.67883
1.1422 0.99954 0.77026 0.64666 0.72689
1.1431 0.95134 0.74677 0.63221 0.78345
1.1364 0.90553 0.72519 0.62439 0.84237
1.1186 0.86413 0.70452 0.62728 0.89907
1.0879 0.82796 0.68428 0.64486 0.95099
1.0467 0.79693 0.66466 0.67883 0.99705
0.99954 0.77026 0.64666 0.72689 1.037
0.95134 0.74677 0.63221 0.78345 1.071
0.90553 0.72519 0.62439 0.84237 1.0993
0.86413 0.70452 0.62728 0.89907 1.122
0.82796 0.68428 0.64486 0.95099 1.1397
0.79693 0.66466 0.67883 0.99705 1.1527
0.77026 0.64666 0.72689 1.037 1.1621
0.74677 0.63221 0.78345 1.071 1.1693
0.72519 0.62439 0.84237 1.0993 1.1763
0.70452 0.62728 0.89907 1.122 1.1856
0.68428 0.64486 0.95099 1.1397 1.1994
0.66466 0.67883 0.99705 1.1527 1.2181
0.64666 0.72689 1.037 1.1621 1.2393
0.63221 0.78345 1.071 1.1693 1.2573
0.62439 0.84237 1.0993 1.1763 1.2648
0.62728 0.89907 1.122 1.1856 1.2573
0.64486 0.95099 1.1397 1.1994 1.2339
0.67883 0.99705 1.1527 1.2181 1.1974
0.72689 1.037 1.1621 1.2393 1.1517
0.78345 1.071 1.1693 1.2573 1.1006
0.84237 1.0993 1.1763 1.2648 1.0472
0.89907 1.122 1.1856 1.2573 0.99372
0.95099 1.1397 1.1994 1.2339 0.94182
0.99705 1.1527 1.2181 1.1974 0.89246
1.037 1.1621 1.2393 1.1517 0.84604
1.071 1.1693 1.2573 1.1006 0.80239
1.0993 1.1763 1.2648 1.0472 0.76081
1.122 1.1856 1.2573 0.99372 0.7203
1.1397 1.1994 1.2339 0.94182 0.68006
1.1527 1.2181 1.1974 0.89246 0.64005
1.1621 1.2393 1.1517 0.84604 0.60115
1.1693 1.2573 1.1006 0.80239 0.56491
1.1763 1.2648 1.0472 0.76081 0.53317
1.1856 1.2573 0.99372 0.7203 0.50802
1.1994 1.2339 0.94182 0.68006 0.49195
1.2181 1.1974 0.89246 0.64005 0.48806
1.2393 1.1517 0.84604 0.60115 0.49967
1.2573 1.1006 0.80239 0.56491 0.52919
1.2648 1.0472 0.76081 0.53317 0.57638
1.2573 0.99372 0.7203 0.50802 0.63724
1.2339 0.94182 0.68006 0.49195 0.70522
1.1974 0.89246 0.64005 0.48806 0.77367
1.1517 0.84604 0.60115 0.49967 0.83755
1.1006 0.80239 0.56491 0.52919 0.89381
1.0472 0.76081 0.53317 0.57638 0.94088
0.99372 0.7203 0.50802 0.63724 0.97809
0.94182 0.68006 0.49195 0.70522 1.0054
0.89246 0.64005 0.48806 0.77367 1.0235
0.84604 0.60115 0.49967 0.83755 1.0332
0.80239 0.56491 0.52919 0.89381 1.0362
0.76081 0.53317 0.57638 0.94088 1.0342
0.7203 0.50802 0.63724 0.97809 1.0293
0.68006 0.49195 0.70522 1.0054 1.0242
0.64005 0.48806 0.77367 1.0235 1.0217
0.60115 0.49967 0.83755 1.0332 1.025
0.56491 0.52919 0.89381 1.0362 1.0368
0.53317 0.57638 0.94088 1.0342 1.058
0.50802 0.63724 0.97809 1.0293 1.0876
0.49195 0.70522 1.0054 1.0242 1.1209
0.48806 0.77367 1.0235 1.0217 1.1505
0.49967 0.83755 1.0332 1.025 1.1693
0.52919 0.89381 1.0362 1.0368 1.1741
0.57638 0.94088 1.0342 1.058 1.1657
0.63724 0.97809 1.0293 1.0876 1.1478
0.70522 1.0054 1.0242 1.1209 1.1247
0.77367 1.0235 1.0217 1.1505 1.1001
0.83755 1.0332 1.025 1.1693 1.0767
0.89381 1.0362 1.0368 1.1741 1.0562
0.94088 1.0342 1.058 1.1657 1.0396
0.97809 1.0293 1.0876 1.1478 1.0266
1.0054 1.0242 1.1209 1.1247 1.0157
1.0235 1.0217 1.1505 1.1001 1.0046
1.0332 1.025 1.1693 1.0767 0.99004
1.0362 1.0368 1.1741 1.0562 0.96884
1.0342 1.058 1.1657 1.0396 0.93906
1.0293 1.0876 1.1478 1.0266 0.90135
1.0242 1.1209 1.1247 1.0157 0.85884
1.0217 1.1505 1.1001 1.0046 0.81562
1.025 1.1693 1.0767 0.99004 0.77539
1.0368 1.1741 1.0562 0.96884 0.741
1.058 1.1657 1.0396 0.93906 0.71444
1.0876 1.1478 1.0266 0.90135 0.69694
1.1209 1.1247 1.0157 0.85884 0.68884
1.1505 1.1001 1.0046 0.81562 0.68953
1.1693 1.0767 0.99004 0.77539 0.69759
1.1741 1.0562 0.96884 0.741 0.71115
1.1657 1.0396 0.93906 0.71444 0.72843
1.1478 1.0266 0.90135 0.69694 0.74825
1.1247 1.0157 0.85884 0.68884 0.77046
1.1001 1.0046 0.81562 0.68953 0.79606
1.0767 0.99004 0.77539 0.69759 0.82698
1.0562 0.96884 0.741 0.71115 0.86485
1.0396 0.93906 0.71444 0.72843 0.90925
1.0266 0.90135 0.69694 0.74825 0.95689
1.0157 0.85884 0.68884 0.77046 1.0032
1.0046 0.81562 0.68953 0.79606 1.0445
0.99004 0.77539 0.69759 0.82698 1.0795
0.96884 0.741 0.71115 0.86485 1.1082
0.93906 0.71444 0.72843 0.90925 1.1319
0.90135 0.69694 0.74825 0.95689 1.1522
0.85884 0.68884 0.77046 1.0032 1.1706
0.81562 0.68953 0.79606 1.0445 1.1885
0.77539 0.69759 0.82698 1.0795 1.2064
0.741 0.71115 0.86485 1.1082 1.2246
0.71444 0.72843 0.90925 1.1319 1.2431
0.69694 0.74825 0.95689 1.1522 1.2614
0.68884 0.77046 1.0032 1.1706 1.2788
0.68953 0.79606 1.0445 1.1885 1.294
0.69759 0.82698 1.0795 1.2064 1.3042
0.71115 0.86485 1.1082 1.2246 1.305
0.72843 0.90925 1.1319 1.2431 1.2916
0.74825 0.95689 1.1522 1.2614 1.2626
0.77046 1.0032 1.1706 1.2788 1.2206
0.79606 1.0445 1.1885 1.294 1.1697
0.82698 1.0795 1.2064 1.3042 1.114
0.86485 1.1082 1.2246 1.305 1.0564
0.90925 1.1319 1.2431 1.2916 0.99864
0.95689 1.1522 1.2614 1.2626 0.94181
1.0032 1.1706 1.2788 1.2206 0.88634
1.0445 1.1885 1.294 1.1697 0.83248
1.0795 1.2064 1.3042 1.114 0.7804
1.1082 1.2246 1.305 1.0564 0.73025
1.1319 1.2431 1.2916 0.99864 0.6822
1.1522 1.2614 1.2626 0.94181 0.63646
1.1706 1.2788 1.2206 0.88634 0.59328
1.1885 1.294 1.1697 0.83248 0.5531
1.2064 1.3042 1.114 0.7804 0.51668
1.2246 1.305 1.0564 0.73025 0.48517
1.2431 1.2916 0.99864 0.6822 0.46027
1.2614 1.2626 0.94181 0.63646 0.44433
1.2788 1.2206 0.88634 0.59328 0.44047
1.294 1.1697 0.83248 0.5531 0.45233
1.3042 1.114 0.7804 0.51668 0.48292
1.305 1.0564 0.73025 0.48517 0.53265
1.2916 0.99864 0.6822 0.46027 0.59767
1.2626 0.94181 0.63646 0.44433 0.67064
1.2206 0.88634 0.59328 0.44047 0.74342
1.1697 0.83248 0.5531 0.45233 0.80972
1.114 0.7804 0.51668 0.48292 0.86591
1.0564 0.73025 0.48517 0.53265 0.91057
0.99864 0.6822 0.46027 0.59767 0.94375
0.94181 0.63646 0.44433 0.67064 0.96625
0.88634 0.59328 0.44047 0.74342 0.97928
0.83248 0.5531 0.45233 0.80972 0.9843
0.7804 0.51668 0.48292 0.86591 0.9829
0.73025 0.48517 0.53265 0.91057 0.97693
0.6822 0.46027 0.59767 0.94375 0.96851
0.63646 0.44433 0.67064 0.96625 0.96015
0.59328 0.44047 0.74342 0.97928 0.95484
0.5531 0.45233 0.80972 0.9843 0.95582
0.51668 0.48292 0.86591 0.9829 0.96605
0.48517 0.53265 0.91057 0.97693 0.98722
0.46027 0.59767 0.94375 0.96851 1.0186
0.44433 0.67064 0.96625 0.96015 1.0562
0.44047 0.74342 0.97928 0.95484 1.0932
0.45233 0.80972 0.9843 0.95582 1.1224
0.48292 0.86591 0.9829 0.96605 1.1401
0.53265 0.91057 0.97693 0.98722 1.1467
0.59767 0.94375 0.96851 1.0186 1.1451
0.67064 0.96625 0.96015 1.0562 1.1391
0.74342 0.97928 0.95484 1.0932 1.1318
0.80972 0.9843 0.95582 1.1224 1.1256
0.86591 0.9829 0.96605 1.1401 1.1223
0.91057 0.97693 0.98722 1.1467 1.1223
0.94375 0.96851 1.0186 1.1451 1.1252
0.96625 0.96015 1.0562 1.1391 1.1296
0.97928 0.95484 1.0932 1.1318 1.1333
0.9843 0.95582 1.1224 1.1256 1.1331
0.9829 0.96605 1.1401 1.1223 1.1252
0.97693 0.98722 1.1467 1.1223 1.1062
0.96851 1.0186 1.1451 1.1252 1.0746
0.96015 1.0562 1.1391 1.1296 1.0329
0.95484 1.0932 1.1318 1.1333 0.98577
0.95582 1.1224 1.1256 1.1331 0.93804
0.96605 1.1401 1.1223 1.1252 0.89303
0.98722 1.1467 1.1223 1.1062 0.85273
1.0186 1.1451 1.1252 1.0746 0.81793
1.0562 1.1391 1.1296 1.0329 0.78853
1.0932 1.1318 1.1333 0.98577 0.76371
1.1224 1.1256 1.1331 0.93804 0.74226
1.1401 1.1223 1.1252 0.89303 0.72286
1.1467 1.1223 1.1062 0.85273 0.70443
1.1451 1.1252 1.0746 0.81793 0.68645
1.1391 1.1296 1.0329 0.78853 0.66913
1.1318 1.1333 0.98577 0.76371 0.6535
1.1256 1.1331 0.93804 0.74226 0.64166
1.1223 1.1252 0.89303 0.72286 0.63685
1.1223 1.1062 0.85273 0.70443 0.64323
1.1252 1.0746 0.81793 0.68645 0.66455
1.1296 1.0329 0.78853 0.66913 0.70183
1.1333 0.98577 0.76371 0.6535 0.75193
1.1331 0.93804 0.74226 0.64166 0.80888
1.1252 0.89303 0.72286 0.63685 0.86678
1.1062 0.85273 0.70443 0.64323 0.92157
1.0746 0.81793 0.68645 0.66455 0.97119
1.0329 0.78853 0.66913 0.70183 1.0149
0.98577 0.76371 0.6535 0.75193 1.0528
0.93804 0.74226 0.64166 0.80888 1.085
0.89303 0.72286 0.63685 0.86678 1.1119
0.85273 0.70443 0.64323 0.92157 1.1338
0.81793 0.68645 0.66455 0.97119 1.151
0.78853 0.66913 0.70183 1.0149 1.1641
0.76371 0.6535 0.75193 1.0528 1.174
0.74226 0.64166 0.80888 1.085 1.1822
0.72286 0.63685 0.86678 1.1119 1.1906
0.70443 0.64323 0.92157 1.1338 1.2017
0.68645 0.66455 0.97119 1.151 1.2172
0.66913 0.70183 1.0149 1.1641 1.2366
0.6535 0.75193 1.0528 1.174 1.2564
0.64166 0.80888 1.085 1.1822 1.27
0.63685 0.86678 1.1119 1.1906 1.2708
0.64323 0.92157 1.1338 1.2017 1.2557
0.66455 0.97119 1.151 1.2172 1.2256
0.70183 1.0149 1.1641 1.2366 1.184
0.75193 1.0528 1.174 1.2564 1.1346
0.80888 1.085 1.1822 1.27 1.081
0.86678 1.1119 1.1906 1.2708 1.026
0.92157 1.1338 1.2017 1.2557 0.97149
0.97119 1.151 1.2172 1.2256 0.91882
1.0149 1.1641 1.2366 1.184 0.86878
1.0528 1.174 1.2564 1.1346 0.82164
1.085 1.1822 1.27 1.081 0.77715
1.1119 1.1906 1.2708 1.026 0.7346
1.1338 1.2017 1.2557 0.97149 0.69316
1.151 1.2172 1.2256 0.91882 0.65233
1.1641 1.2366 1.184 0.86878 0.61239
1.174 1.2564 1.1346 0.82164 0.5744
1.1822 1.27 1.081 0.77715 0.53993
1.1906 1.2708 1.026 0.7346 0.51079
1.2017 1.2557 0.97149 0.69316 0.48915
1.2172 1.2256 0.91882 0.65233 0.47775
1.2366 1.184 0.86878 0.61239 0.4799
1.2564 1.1346 0.82164 0.5744 0.49893
1.27 1.081 0.77715 0.53993 0.53662
1.2708 1.026 0.7346 0.51079 0.59128
1.2557 0.97149 0.69316 0.48915 0.6574
1.2256 0.91882 0.65233 0.47775 0.72765
1.184 0.86878 0.61239 0.4799 0.79556
1.1346 0.82164 0.5744 0.49893 0.85676
1.081 0.77715 0.53993 0.53662 0.90892
1.026 0.7346 0.51079 0.59128 0.95106
0.97149 0.69316 0.48915 0.6574 0.983
0.91882 0.65233 0.47775 0.72765 1.0051
0.86878 0.61239 0.4799 0.79556 1.0184
0.82164 0.5744 0.49893 0.85676 1.024
0.77715 0.53993 0.53662 0.90892 1.0237
0.7346 0.51079 0.59128 0.95106 1.0193
0.69316 0.48915 0.6574 0.983 1.0132
0.65233 0.47775 0.72765 1.0051 1.008
0.61239 0.4799 0.79556 1.0184 1.007
0.5744 0.49893 0.85676 1.024 1.0131
0.53993 0.53662 0.90892 1.0237 1.0286
0.51079 0.59128 0.95106 1.0193 1.054
0.48915 0.6574 0.983 1.0132 1.0866
0.47775 0.72765 1.0051 1.008 1.1207
0.4799 0.79556 1.0184 1.007 1.1485
0.49893 0.85676 1.024 1.0131 1.1641
0.53662 0.90892 1.0237 1.0286 1.1661
0.59128 0.95106 1.0193 1.054 1.1566
0.6574 0.983 1.0132 1.0866 1.1398
0.72765 1.0051 1.008 1.1207 1.1194
0.79556 1.0184 1.007 1.1485 1.0988
0.85676 1.024 1.0131 1.1641 1.0803
0.90892 1.0237 1.0286 1.1661 1.0653
0.95106 1.0193 1.054 1.1566 1.054
0.983 1.0132 1.0866 1.1398 1.0458
1.0051 1.008 1.1207 1.1194 1.0388
1.0184 1.007 1.1485 1.0988 1.0301
1.024 1.0131 1.1641 1.0803 1.0162
1.0237 1.0286 1.1661 1.0653 0.99406
1.0193 1.054 1.1566 1.054 0.96222
1.0132 1.0866 1.1398 1.0458 0.92236
1.008 1.1207 1.1194 1.0388 0.87837
1.007 1.1485 1.0988 1.0301 0.83456
1.0131 1.1641 1.0803 1.0162 0.79444
1.0286 1.1661 1.0653 0.99406 0.76049
1.054 1.1566 1.054 0.96222 0.73428
1.0866 1.1398 1.0458 0.92236 0.7165
1.1207 1.1194 1.0388 0.87837 0.70696
1.1485 1.0988 1.0301 0.83456 0.70464
1.1641 1.0803 1.0162 0.79444 0.70794
1.1661 1.0653 0.99406 0.76049 0.71507
1.1566 1.054 0.96222 0.73428 0.72462
1.1398 1.0458 0.92236 0.7165 0.73593
1.1194 1.0388 0.87837 0.70696 0.74949
1.0988 1.0301 0.83456 0.70464 0.7671
1.0803 1.0162 0.79444 0.70794 0.79152
1.0653 0.99406 0.76049 0.71507 0.82518
1.054 0.96222 0.73428 0.72462 0.86809
1.0458 0.92236 0.7165 0.73593 0.91676
1.0388 0.87837 0.70696 0.74949 0.96599
1.0301 0.83456 0.70464 0.7671 1.0115
