2500
3
27.30397
-1.092628 1.741687 3.366621
11.25505 -2.502635 6.114927
6.369741 2.366096 14.27444
-2.341478 3.968781 0.1733665
4.765771 -1.827302 0.102096
4.549364 -2.294712 0.09109399
3.68851 -4.745021 0.06178355
-2.207365 2.771476 0.2259706
-4.450922 4.772305 0.02091484
0.9766182 5.433608 0.06935005
5.287728 4.681298 4.911715
-1.102191 -9.102411 0.02561317
4.769213 -1.818496 0.1023054
-4.134031 1.882607 0.02086072
-1.764781 2.964286 0.5954938
5.913935 -8.673541 0.08807255
6.675647 -0.2086986 0.3128396
-1.357555 -2.279349 0.02731741
-6.233885 -5.415523 0.01624062
-4.332169 6.287732 0.02186022
-5.520675 5.633036 0.01958056
-4.910656 5.968385 0.02026161
4.055933 -3.016925 0.07461652
-4.914308 0.5700014 0.01903284
11.35077 -2.858068 5.076003
3.194461 5.368837 0.2589518
-6.627134 1.36556 0.01643657
0.05027254 3.091602 5.472283
-2.867021 3.504793 0.07071374
-2.291574 3.987033 0.1883535
-1.765737 -1.886169 0.02609216
-0.8592199 -5.52453 0.02767467
1.816741 3.010383 0.0631722
-0.6561415 -4.181327 0.0290345
2.633412 3.518774 10.78045
-1.83838 2.938846 0.512583
-8.019789 -1.025715 0.01454535
-4.614893 -1.855235 0.01914947
-0.5368976 -7.747986 0.02789589
6.44559 -1.951616 0.1958425
-1.730012 -1.926625 0.02619277
0.5795122 -9.488117 0.03139314
1.470926 -5.42528 0.03891746
-2.898634 7.232503 0.02987157
-4.252988 1.625059 0.02054001
6.328853 -2.309385 0.1761481
4.252419 -4.966416 0.07007238
8.682784 -6.534333 0.272823
-3.837219 -7.74447 0.01959679
-5.507742 -4.134259 0.01737398
4.24496 -2.777594 0.08000643
5.927657 2.733695 0.5304508
4.224861 2.75942 0.1700709
2.317852 -5.767052 0.04473084
5.271067 3.032376 0.3676698
2.733455 -1.989357 0.05644377
-3.617857 -6.197256 0.0202673
-7.671697 3.671337 0.01534064
-0.5258257 -5.197603 0.0290463
-2.174195 2.789457 0.2441627
-0.9075474 7.00377 0.3932342
-2.487584 0.1097986 0.02830933
-1.934989 1.397357 0.4875394
-6.160903 2.717436 0.01728026
5.298077 2.985286 0.367291
0.9797142 -5.437872 0.03592907
-2.455907 -9.134471 0.02212527
-3.172028 3.087127 0.02368689
-1.969893 1.365507 0.4251006
-7.728235 2.544338 0.01516741
5.81307 2.583492 14.46718
1.124762 2.970628 9.31697
-4.593849 -5.301248 0.01865109
2.161885 6.035205 0.1799711
9.330996 -5.844518 0.4101155
1.350886 3.330441 0.05655437
1.367796 3.320318 0.05678428
-0.8242187 4.222014 1.535844
8.477875 -3.517891 0.4058556
-2.018365 7.352442 0.03913435
-0.5876396 -5.614588 0.02861821
-6.693124 4.329248 0.01670838
-1.47193 1.655807 1.807231
5.786459 -2.312466 0.1408263
8.058069 1.602298 11.41442
-3.12264 -2.167795 0.02218856
0.7306925 -9.597158 0.03198501
0.2350751 -9.522806 0.02998081
-3.948216 2.831822 0.02410328
4.48958 -9.320061 0.06108296
-2.718494 6.896961 0.08088611
-8.013369 1.02912 0.01471356
-3.251326 -8.124395 0.02064262
-8.521107 0.8285044 0.0141658
4.52518 2.208284 0.1731208
11.29748 -4.518792 2.070542
-1.995521 2.876047 0.3662169
-1.468637 -7.437259 0.02506127
-7.320977 4.261526 0.01584081
-6.04611 -5.661973 0.0164591
-6.131225 4.987533 0.0176734
3.747168 2.486928 16.27622
5.357332 -7.0646 0.08310089
-0.732288 -5.568349 0.02810791
6.616103 0.5605169 0.3734029
8.516611 1.13531 2.479085
-3.264669 1.741488 0.02756575
-2.450391 -0.4818206 0.02502869
0.5893532 -4.443697 0.03456608
4.772886 -3.886259 0.08622106
2.719867 -2.005647 0.05621618
-6.452006 -5.245205 0.01598231
11.29004 -4.549953 2.035491
10.37804 -2.840479 1.715215
-3.165802 3.092229 0.02370723
6.41482 -2.054122 0.1900468
1.454108 6.517121 1.89518
6.52093 2.412834 13.54705
10.48297 -2.067387 2.690759
2.598491 2.212322 0.07473959
-3.688658 -0.6528002 0.02125512
2.483431 -7.986594 0.04329829
10.31378 -1.335109 3.525009
8.199085 1.509457 11.11131
-3.199585 -2.035266 0.02203868
-5.675538 3.53393 0.01819008
-1.87701 -4.590464 0.02477532
7.584471 1.795743 12.91058
5.34341 -3.162224 0.1094091
0.952631 -5.876969 0.03543281
4.91791 -3.726964 0.09107159
0.2564248 7.171978 0.1072265
2.977563 -5.088427 0.05206182
5.049378 0.3866374 0.1529082
5.253992 3.061736 0.3678654
4.712 -1.958121 0.09899346
5.292555 -9.051244 0.0739863
0.242574 -2.958479 0.03386857
-4.533393 -2.063841 0.01926199
-1.19412 3.907137 0.0324243
-3.159565 3.097316 0.02372763
-1.90313 -3.509731 0.0250553
4.777737 -1.796436 0.1028303
1.577709 -9.575284 0.03610545
4.316172 2.605582 0.1714819
1.762113 5.076944 0.09029559
-5.407121 -4.285453 0.01750423
10.87232 -2.28932 3.614002
-3.724508 0.3284781 0.02149455
2.525507 -10.81383 0.05742776
-3.194481 -8.158354 0.02074993
0.236285 -7.918219 0.03075406
-2.454431 0.3933298 0.03447549
10.43392 -1.633426 3.311775
-3.058311 6.752249 0.02705768
-0.3591564 5.772114 0.04555568
-4.290704 6.800336 0.02245476
-1.890695 -4.582061 0.02473858
-4.558896 0.3672214 0.01965239
-4.327403 1.43378 0.02033893
6.029643 1.123176 0.3063071
-6.611919 -1.509213 0.0161453
6.216979 -9.211242 0.09266681
-6.658042 -5.663636 0.01569358
3.056265 4.163567 0.1346214
3.081064 1.38834 0.08020164
-6.728176 -4.827237 0.01568387
-7.745974 2.493705 0.01514196
6.467873 -1.872649 0.2003918
6.110572 -1.160389 0.1911989
4.763818 3.797476 0.3613956
-7.968683 3.041884 0.01493405
-7.741566 2.262004 0.01512505
0.8302933 -2.970184 0.03724205
-5.000062 5.911875 0.02004094
3.828626 -7.71379 0.05638592
-3.776936 3.021942 0.02648139
-6.390003 -2.315508 0.01635133
-3.476592 3.303558 0.03362889
4.307719 4.3491 0.3400478
-2.036384 5.761503 0.0303578
-7.932888 -1.952645 0.0145668
-8.380199 1.72264 0.01437696
9.769899 -6.155559 0.4857812
8.110764 -4.292452 0.2923146
-0.9044684 -2.584547 0.02886843
-5.980846 -5.868484 0.01652393
3.262287 0.8809796 0.08069365
-7.101385 3.713423 0.01606668
0.9911262 6.963906 0.1533753
-4.983563 -4.854071 0.01808037
-2.386193 -0.7566407 0.02480308
-1.999924 -1.5802 0.02546964
0.3245835 -2.967132 0.03429961
-0.3898524 -7.786307 0.02839993
-2.081378 6.922938 0.03410603
8.894484 0.9240017 9.913086
-2.227359 1.033171 0.1250666
-4.689018 6.182889 0.02402022
-7.850578 3.311062 0.0150943
-3.59839 0.9833025 0.02238899
-4.551408 -5.346347 0.01871568
-4.401861 -2.358526 0.01945304
-3.55886 1.107987 0.02273209
6.520052 -8.348385 0.1061522
-3.500761 1.266049 0.0233284
9.051559 -0.2515742 17.46926
5.142015 -10.39115 0.07811902
7.329812 2.984037 4.157391
3.946067 -9.359478 0.05456266
-3.788894 -6.059233 0.01996324
11.06022 -5.274188 1.367305
4.910252 -1.393467 0.1124711
-7.329519 4.248578 0.01582832
1.383281 -9.656278 0.03503018
3.318454 -7.846954 0.0506678
-1.431272 3.051306 1.099795
-6.693458 1.012239 0.01630697
-1.707432 7.368848 0.04388962
-4.949485 0.05337013 0.01887384
7.888809 -7.349063 0.1803792
4.050693 2.416706 16.74897
1.41153 3.293654 0.05738287
6.416549 -8.522274 0.1019209
3.392814 -0.2279073 0.0757134
-5.421345 -7.087776 0.01715665
1.600691 5.160814 0.08554679
-3.745087 -8.418965 0.01965707
-2.697791 -3.984359 0.02275761
-1.973465 1.36211 0.4190248
5.152067 3.230886 0.368363
9.773723 -5.091142 0.5995096
7.999405 2.115866 3.351513
10.86233 -2.216401 3.748547
0.9566925 2.993539 8.731253
-6.818204 -4.680477 0.0155896
-1.337214 -2.295593 0.02738269
4.911137 -4.44886 0.08631497
-7.439554 -3.462646 0.01498119
0.9993689 -5.878566 0.03568891
-2.499553 -4.1516 0.02321207
-0.1714844 -9.442598 0.02850318
-3.693589 -0.622251 0.02125188
-2.184557 3.666477 0.02738778
-0.5964132 -2.734819 0.0300463
4.29567 -9.888232 0.05750357
-1.585757 -2.076953 0.02661227
-3.425808 -1.568128 0.02162633
11.40423 -3.224344 4.178235
2.427805 -7.992598 0.04287681
-4.543694 0.514517 0.01971046
9.438173 0.4222188 7.580297
10.15908 -4.19549 0.9402518
-2.21173 4.014612 0.2149711
3.504387 -3.552015 0.06270171
-4.93239 0.3962216 0.01896663
4.067234 4.603293 0.3249172
1.564354 -2.811625 0.04264382
-1.656286 -2.005919 0.02640456
10.18155 -0.7558288 4.974211
-4.709781 -7.16983 0.01820679
-3.261149 3.011528 0.02339932
-3.820461 -8.369809 0.01952923
-5.559347 3.690581 0.01841894
1.750768 -10.812 0.0577248
2.225943 2.794352 12.80804
-3.810582 5.174081 0.02271532
-7.772729 2.159592 0.01507976
-3.689484 -7.845599 0.01985054
4.647337 -7.416639 0.06839958
-2.050956 -9.314839 0.02302779
-0.7220114 6.989157 0.4573638
6.160006 0.311011 0.2653391
6.185446 -0.257779 0.2359411
-2.018237 1.317178 0.347747
7.751484 -4.874962 0.2276205
-8.136066 2.599968 0.01470882
0.01216605 1.778964 8.564903
6.051909 -1.463038 0.1771326
2.911138 -1.749251 0.05968679
6.67328 -0.1090563 0.3204686
-1.362694 7.020336 0.2674738
-2.183141 -3.28361 0.02431706
-2.489933 0.057885 0.02769538
-7.752524 -2.344234 0.01472853
-6.321892 5.458116 0.01744746
8.122726 -7.986729 0.1846542
-4.849533 -1.024982 0.0188688
-5.014852 -7.461581 0.01770252
-6.129983 -5.553826 0.01636069
3.040196 1.478724 0.07989715
-6.725255 -5.569855 0.01562187
-0.5204339 -9.828542 0.02717144
-8.555452 -0.3794933 0.01404626
-2.005222 4.076999 0.3010925
-6.771067 -0.2014517 0.01607459
-3.511913 2.769894 0.02262271
6.108297 2.348525 0.5088516
-5.470671 -7.039765 0.01709275
-2.820323 3.532613 0.07627082
-1.790308 -3.591559 0.02536715
-1.035405 -4.02618 0.02769026
-3.469693 2.813881 0.0227503
10.31723 -3.239898 1.410022
6.723578 -9.77169 0.1140464
-4.808315 6.030599 0.02052199
-6.0959 -3.062169 0.01666551
-1.027405 -4.029854 0.02771729
-1.107079 -3.992462 0.02745054
-3.221363 1.810798 0.02881169
0.9492048 -9.532502 0.03299988
-6.727051 0.7705305 0.01623557
-4.83483 1.027669 0.01927984
-7.814749 2.012056 0.01501841
-0.6797449 3.926981 0.03578921
6.673065 -0.1024043 0.3209807
5.689136 1.976296 17.93439
3.321778 -0.7698294 0.07096998
6.617039 -9.823509 0.110647
-1.773229 -10.08961 0.1721987
-2.416397 -3.066321 0.02373929
-6.878191 -4.579411 0.01552761
9.800467 -5.038497 0.6156078
-1.075298 -4.007592 0.0275563
2.357219 4.714794 0.1095897
1.233137 -5.88096 0.03702533
0.350517 -10.01083 0.03020951
-1.174599 -5.402124 0.02665341
-0.7159578 -9.776964 0.02656623
-1.659038 -5.174253 0.02522334
-7.556154 2.783743 0.01539345
3.395739 -0.01892796 0.07718729
-2.133422 -8.707497 0.02297165
-5.337567 5.770285 0.0202732
-3.084338 -4.156524 0.02179986
-2.206694 3.657698 0.02729258
1.744961 -5.398482 0.04080402
0.4185479 -2.974256 0.03480818
-8.36424 1.794825 0.01439921
-6.247854 -2.704409 0.01649899
-3.733004 -0.268381 0.02125894
1.129924 5.37385 0.0730076
-1.030947 4.038982 1.303284
-6.529649 -4.992312 0.01590993
-6.694307 -4.881011 0.01571972
10.02949 -0.4361729 5.734694
8.414504 0.8662124 14.48939
-4.431954 2.116802 0.02065147
4.096545 -10.64278 0.06571213
-4.779731 -7.00299 0.01811863
-2.78554 -2.65318 0.02289122
-2.589184 3.866156 0.1149452
9.016988 -0.2336027 17.58654
3.046616 -1.521073 0.0625914
1.615868 -9.576558 0.03631118
4.320636 -4.920245 0.07147213
-7.574056 -3.127797 0.01486036
-0.4592052 4.210108 2.232855
4.921544 -3.722789 0.09120048
-4.419795 6.743318 0.02200801
-7.134692 3.655993 0.01601611
-2.193808 1.089129 0.1498086
6.790749 -6.003031 0.1383663
10.34523 -1.229147 4.004477
-6.427086 4.778065 0.01726103
9.531475 0.3075196 7.241332
-7.375754 3.19593 0.01565662
-6.010033 -6.472094 0.01642513
1.728884 -5.400453 0.04068846
0.005342278 4.169521 3.306267
1.461808 -8.03382 0.03660259
-0.6395206 -4.187266 0.02909649
-0.4527556 4.209722 2.246442
10.87491 -2.310147 3.576402
9.171635 0.7142931 8.483925
6.395863 -2.114008 0.186718
0.8787989 -8.002126 0.03358271
6.08996 -1.277522 0.1856895
-0.4809336 1.785009 6.222245
-8.234514 2.292088 0.01457634
3.973678 -7.668894 0.05822805
-3.111776 -3.58114 0.02187002
8.695006 -8.47919 0.2353036
2.096191 -2.551028 0.04780659
5.316487 4.662588 4.916981
5.050926 2.161388 17.75238
1.477803 -8.034094 0.03669253
9.971887 -4.672919 0.7398771
-5.29235 -6.517224 0.01740588
1.751719 6.415767 2.179917
3.396208 -0.06296975 0.07689482
-4.077791 -2.946063 0.01996223
-3.525894 1.200714 0.02305545
6.034687 2.512474 0.5186267
-2.528918 -4.625247 0.02301152
-7.887704 -3.439695 0.0145041
-0.6065487 3.12076 3.22343
0.7627743 -2.97483 0.03681814
-2.399202 3.946678 0.1574921
-0.6541188 -9.235339 0.02694787
-8.109539 2.675921 0.01474446
-3.690329 3.10932 0.02807928
-1.499763 3.862688 0.03069035
-3.500025 -3.723558 0.02098164
-3.902491 2.279174 0.02149467
-1.85779 -1.77507 0.02583937
4.770927 -1.814089 0.1024102
1.970349 2.88372 0.06545512
3.726495 3.459717 0.1576234
4.384046 -9.866953 0.0585931
8.135337 -7.11926 0.2028842
-4.52778 -0.6849238 0.01951484
-1.127366 4.214644 1.072936
-3.433702 1.422796 0.02418984
1.614312 -9.666684 0.03623839
-1.230573 3.084374 1.509015
-7.91331 1.606851 0.01487198
-8.550061 0.4585453 0.01411026
1.637775 3.14396 0.06056583
2.852208 -1.835049 0.05855098
-3.367166 7.122165 0.02668812
-3.693668 -2.842655 0.02075583
-1.000636 3.922538 0.0336198
5.066716 -0.4637909 0.1345401
-1.186995 6.954297 0.04515003
8.943363 -1.469 0.9427262
-2.290052 2.723894 0.1858998
-6.767804 -0.296923 0.01606891
-3.312908 -8.182763 0.02051061
-1.477499 7.372513 0.04807004
-1.821506 5.790132 0.03171439
6.340565 -8.564303 0.09950571
-1.256744 -2.35728 0.02764489
-1.418374 1.672495 2.008528
-2.995939 -3.702182 0.02211025
-3.211599 -2.013603 0.02201567
8.274371 0.9429436 14.84023
-1.970576 -10.01196 0.1960347
-1.791568 -1.856028 0.02602027
-1.885494 -1.7395 0.02576521
-3.313569 -3.92803 0.0213397
1.468122 6.368653 0.1355375
9.868814 -0.1882064 5.893418
-1.872443 -4.593257 0.02478761
-4.806452 -1.222062 0.01891247
4.678243 4.539305 0.5324483
2.650018 -7.966194 0.04460705
1.793951 3.863422 8.162807
-6.383394 -5.342401 0.01605862
-3.542041 5.308131 0.02358025
-3.770815 2.46414 0.02186533
0.6069919 -4.44486 0.03465973
-4.541851 -0.5777143 0.01950782
11.39742 -3.930303 2.85495
-3.638656 -0.9049744 0.02130434
-6.823959 -5.428111 0.01551795
-4.409697 1.179056 0.02011321
-0.1700091 -5.726632 0.0301992
3.351069 -0.6195217 0.0724078
-1.766405 3.802896 0.02931654
2.689711 2.086271 0.07598125
3.965673 3.148605 0.1644111
1.552474 6.332507 0.1404525
5.651407 2.276291 0.3530447
-2.359845 -0.8427698 0.02479633
0.4032512 -5.395795 0.03294738
-8.540805 0.602018 0.01412973
5.048583 -4.317548 0.09067878
-4.588428 4.668608 0.02056813
-2.505012 3.90333 0.1320956
-7.108736 3.8494 0.01608543
-3.733944 3.065995 0.0272359
2.545924 -2.193837 0.05350688
6.016512 1.179456 0.3090018
-6.560161 -5.086874 0.01586377
-1.404977 4.00819 0.7924706
10.18469 -3.793893 1.072436
1.643249 -10.80735 0.05804164
5.484255 -2.931572 0.1174614
-1.872156 -10.05124 0.1835751
-2.628954 7.281063 0.03217425
4.471056 -9.325293 0.06083166
-1.35082 3.066117 1.254355
5.047178 0.407148 0.153309
1.741714 -8.034001 0.038238
-6.767229 -0.3105796 0.01606824
-5.761843 -3.716807 0.01705651
2.84572 4.346102 0.12697
-0.2001126 -9.347362 0.02843975
3.594132 -3.47801 0.06435024
11.3013 -2.653322 5.652806
0.3298443 -4.418505 0.03324479
-0.7465798 -5.125838 0.02825013
-2.863552 5.570534 0.02615387
-4.171344 1.80693 0.02075998
-1.240001 7.368817 0.05307629
0.07031327 -5.777055 0.03118883
-0.9353852 -7.629699 0.02661195
-2.334162 0.8128479 0.06829298
-2.655534 6.840611 0.02950886
10.48383 -4.806952 0.9853759
-6.699498 -1.025374 0.01608196
-7.301969 -4.660661 0.01503781
6.016641 -8.622712 0.0907575
-7.934816 -3.319473 0.01446416
-2.063993 -3.384075 0.0246251
-0.6470142 7.326658 0.06927159
-1.026445 -7.599652 0.02633427
-4.154313 6.371101 0.02242357
-3.675531 6.63872 0.03909984
-5.58906 -6.922019 0.01694138
-4.160705 6.368218 0.02240264
0.2832357 3.784428 0.0439696
-2.261243 6.968682 0.120624
-2.556171 2.541665 0.09851883
3.846078 -4.648867 0.06443907
-2.293345 -4.31053 0.02370624
-2.422476 -3.060257 0.02372467
-5.8734 -3.514027 0.01692246
-7.619405 3.767961 0.01541365
-3.735075 -0.234322 0.02126418
-4.849525 -7.603239 0.01793476
6.667969 0.0175156 0.3302701
-8.081655 -0.1103782 0.01455001
-4.025777 6.504277 0.03187327
-1.170475 3.90954 0.03256614
1.82393 5.043283 0.09217276
7.935672 -4.592154 0.2571183
-4.298952 2.348078 0.02129764
8.913748 -0.3917428 1.435328
-2.983455 -6.651685 0.02148215
-1.99784 6.995807 0.1525804
-3.726353 6.545941 0.0239606
-3.991886 -2.336206 0.02024668
-2.928466 3.270688 0.02450726
-7.536947 -3.007176 0.01491035
-0.1001 3.869393 0.04038385
-6.346391 4.755867 0.01729105
-7.948127 -1.88605 0.01455579
-6.718855 0.8361538 0.01625363
5.972195 -8.754575 0.08904171
-3.768328 2.467416 0.02187241
3.392124 0.08991404 0.0778666
-7.150138 -4.082771 0.01525506
6.519526 -1.67003 0.212402
3.475698 -9.546453 0.04956632
-2.215958 4.013201 0.2134758
-0.002063827 -5.329459 0.03112567
3.178258 -1.237204 0.06597605
-3.845369 -3.29013 0.02035591
-7.442014 -4.404007 0.01490448
-8.05974 1.241211 0.01468042
-3.798527 -7.771317 0.01966262
6.170909 -0.647522 0.2161917
5.540306 3.413728 0.554113
3.556403 -3.509651 0.06364594
-3.709901 -0.5078 0.02124504
-2.018342 4.073409 0.2947997
1.265436 5.317177 0.07641453
-8.280358 -2.235146 0.01419064
1.777603 5.068591 0.09076297
1.385451 -10.79186 0.05912324
-8.000255 -1.173859 0.01455469
10.47313 -1.043442 6.63003
-6.705333 0.9341815 0.01628243
4.486818 4.144453 0.3497653
-4.935556 0.3573525 0.01895365
-2.484133 0.1614339 0.02903659
3.396235 -0.0731176 0.07682603
-3.731319 0.2477286 0.02144181
-1.505483 4.178682 0.645417
8.775048 -2.586885 0.5983438
6.307411 1.838005 0.4741238
8.934897 -0.6035532 1.323807
0.5147693 3.714312 0.04636793
1.89199 6.174893 0.1616278
-1.572202 -9.503262 0.0241892
-3.744135 -7.808623 0.01975592
9.330704 0.2628462 11.68783
-6.829178 4.13998 0.0164897
-2.549477 3.499711 0.02589697
0.2181132 5.664623 0.05418734
7.896003 -9.087654 0.1681267
-1.931209 1.400664 0.4946363
2.048342 -2.580652 0.0472836
-0.2040647 1.784654 7.543366
-1.382492 -5.310466 0.02602027
-2.285909 0.9218382 0.09015872
-0.5877356 -5.17847 0.02881855
1.601751 -4.395689 0.04091306
1.079461 -4.449901 0.03737226
-0.208482 -4.317444 0.03080405
-8.116095 0.8154732 0.01458558
0.8268812 6.606069 0.1027697
10.31332 -0.7778887 7.496488
5.949988 1.435529 0.320869
2.02128 6.540176 0.2446406
-0.8765349 7.34854 0.06231215
-1.482257 1.652368 1.769329
-1.510681 -9.051358 0.02447592
-6.521889 4.667464 0.01708034
6.440872 -6.31537 0.1198804
-8.005353 -1.611251 0.0145164
-6.691789 -5.616818 0.01565748
6.126156 -1.060149 0.1959763
-0.4889965 3.119397 3.603334
4.070294 -9.428295 0.05580418
-1.066791 1.745342 3.481684
-1.429318 -3.82221 0.02642429
-2.239036 -8.751395 0.02270919
-2.472904 -0.3317401 0.02535244
3.39607 -0.1102739 0.07656972
2.608408 4.534136 0.118414
0.9104447 5.458001 0.06783522
7.885209 -7.487764 0.1776843
-7.747579 3.524541 0.01523553
-4.265886 -2.624366 0.01966063
-2.041452 3.873634 0.2913299
-0.2219911 -2.865974 0.03163051
-4.906894 0.6274923 0.01905782
-3.444011 -3.786905 0.0210877
-6.949096 4.098792 0.01633939
-7.921233 1.909361 0.01488924
5.015374 4.144785 0.5504647
1.224371 2.956491 9.658844
-3.810273 2.986821 0.0259444
2.881391 4.316263 0.1282658
-3.144635 7.178766 0.02808644
9.529831 -5.328148 0.4994455
2.167751 2.702328 0.06842088
1.779658 -2.72324 0.04457497
-1.522281 -4.791063 0.02576861
4.551566 -2.29062 0.09118922
-5.498707 -7.012205 0.01705665
4.433056 -9.854771 0.05921277
6.650077 -0.8713171 0.2644299
1.627699 -10.14165 0.03597767
-8.161831 2.523601 0.01467421
8.73998 1.107496 9.77058
-0.3711913 3.906824 0.03811878
-4.368638 -2.42662 0.01950289
3.359851 3.870583 0.1454775
4.882143 3.63604 0.3648283
-1.919227 3.908501 0.3575195
5.577632 -3.70786 0.1126235
3.20162 -3.772236 0.05774725
2.308173 2.55856 0.07052636
-4.323022 1.445892 0.02035081
-0.8320769 7.34485 0.06358757
-8.555123 0.3568916 0.01409802
-3.735286 -0.2305403 0.02126481
-3.424259 -1.571867 0.02162898
2.767891 5.671297 0.2251568
3.110479 3.552445 11.22399
-1.956034 6.934331 0.03532824
6.450191 -8.503351 0.1030215
3.874587 3.271792 0.1619693
4.747901 -10.49968 0.07267208
-7.691696 2.645014 0.01521984
-1.047678 -9.119794 0.02576885
7.772854 1.691381 12.58008
-3.355825 1.580641 0.02549305
-2.475114 7.304027 0.03367746
6.335225 -2.29177 0.177083
-2.420812 -0.6244467 0.0248662
-0.3141596 4.200124 2.548117
-2.548435 7.293507 0.03294241
5.544104 2.513315 0.3594325
-1.558901 5.813968 0.03356023
-1.579433 3.018035 0.8488874
-5.739528 -3.755794 0.01708372
6.497379 -9.070837 0.1008433
5.551836 -10.25987 0.08497962
-2.171417 -9.263241 0.02275208
-6.832331 4.914878 0.01658738
8.580477 0.7709334 14.04806
-1.542195 -3.754899 0.02608368
-1.06807 -10.33218 0.1156632
4.753585 -1.85804 0.1013656
0.5300915 -9.570143 0.03114482
2.115228 -9.670291 0.03913541
-4.122177 4.994124 0.02179777
3.597272 3.612654 0.1535271
-3.435462 -3.20143 0.02123123
5.283829 -9.598358 0.07206743
10.31539 -3.249565 1.403328
3.092705 1.361445 0.08027905
-0.4879758 -9.278945 0.02747649
-2.031422 1.303075 0.3284587
2.538459 6.113571 2.971347
-3.863969 -7.824531 0.01953606
-4.404198 -2.353652 0.01944956
1.758333 6.239294 0.1530297
-2.443942 0.447729 0.03652338
-2.729616 2.395468 0.06622932
1.476158 -10.13452 0.03519147
8.575762 0.9864112 2.358655
6.155123 -0.8279993 0.2072477
-1.184085 3.090274 1.614863
-1.494967 6.956511 0.0406805
-2.354892 -0.8579345 0.02479755
9.834069 -7.324529 0.4429534
9.400758 -5.545986 0.4479063
-0.6625189 5.805775 0.0418586
-2.094513 -7.158281 0.02345033
2.101214 -8.019787 0.04054665
-1.742258 -9.439333 0.02376418
-5.45808 -6.459834 0.01717486
9.381221 0.4887255 7.781146
-1.428218 7.020413 0.2526708
5.701089 -6.857722 0.0923699
-5.378798 -7.128707 0.01721217
4.868274 -1.535963 0.1090531
-7.534518 3.917751 0.01553327
-0.9060651 3.113802 2.327314
10.41122 -2.316665 2.212336
-2.053932 3.869814 0.2852296
-5.442526 -7.067234 0.01712915
3.39389 0.04903074 0.07761881
-7.079614 -5.036114 0.01525638
6.392357 -9.927692 0.1040578
3.089112 -1.437908 0.06360924
4.692185 -3.969149 0.08374688
-6.253426 -5.520122 0.01620554
1.803851 -5.390832 0.04123283
7.940003 -4.585134 0.2578946
9.451229 -5.462734 0.4669482
1.498769 -9.662168 0.03562481
8.720977 0.5549344 2.031942
4.719401 -1.940818 0.0994029
-6.903406 -4.379661 0.01551534
-0.8245753 -2.627509 0.02916381
-0.4298668 -4.256241 0.0299023
7.297141 0.4732246 21.81014
1.431528 2.925846 10.35553
-0.3233238 -5.689146 0.02959932
8.298878 1.441103 10.88543
0.03243836 3.844312 0.04157112
10.41111 -2.207116 2.332272
-7.029528 4.66998 0.01627819
-0.8620345 3.115891 2.451544
3.300752 5.776813 3.714764
2.79779 -1.908572 0.05755765
-6.560905 -5.795481 0.01579857
-4.540967 0.5367031 0.01972011
-1.123634 -4.979812 0.0269865
4.910792 4.91763 4.805756
8.100663 -7.152714 0.1994521
-3.708889 6.626891 0.03828298
-2.491371 -0.01671646 0.02698124
3.952663 4.716964 0.3170418
-4.52764 6.693237 0.02165461
-4.074515 -2.170284 0.02011416
5.680558 -8.782938 0.08244526
-5.666109 5.4201 0.01856499
6.067751 -8.596791 0.09214531
10.28378 -3.403718 1.300669
-6.742765 0.6254281 0.01619904
-2.314361 -3.164953 0.02398798
-0.1552551 -5.296359 0.03048771
0.2757386 -7.924861 0.03091476
-4.577976 -5.318191 0.01867519
3.494688 -9.543301 0.04974637
-1.991044 1.344994 0.3899646
-0.1313984 3.874662 0.0401113
3.372763 0.3228149 0.07910107
8.247328 -8.836458 0.1932659
-1.677778 7.369723 0.0443949
6.920521 -8.217541 0.1207352
-4.538717 -7.209751 0.01847487
5.880272 -3.254651 0.1310206
5.185682 -4.176703 0.09549189
3.834254 -9.383669 0.05333408
-7.48979 -4.312293 0.01485978
-0.7414813 -5.127608 0.02826803
-6.627282 4.416035 0.01681612
-4.356978 2.251373 0.0209969
5.888048 -2.042325 0.1518433
4.8849 1.250686 0.1670475
8.788007 -6.40783 0.2907615
-2.486236 -0.1874071 0.02588814
-0.5217267 -10.4847 0.09096428
-1.007807 1.752907 3.747242
5.043721 0.4379279 0.1539058
3.671854 -3.410292 0.06585577
1.838278 -2.695363 0.04513542
10.32509 -1.158471 4.137964
10.44357 -6.483029 0.7029418
-1.824535 2.943818 0.5274478
9.034308 -0.2425807 17.52795
-4.232247 -7.55633 0.01893417
-3.281712 3.457662 0.04150806
-5.770477 5.428738 0.01879278
10.38858 -1.807061 2.823782
-5.515021 5.637427 0.01960032
-3.389251 -1.653916 0.02168958
11.12406 -5.103256 1.502137
2.771239 -5.654853 0.04893723
-0.9401085 -2.564426 0.02873886
10.18153 -4.130125 0.971562
-0.619197 3.120782 3.183385
3.046404 1.465373 0.07994646
8.526738 -6.864477 0.2446666
4.967119 0.9111755 0.1622446
-0.09106827 3.101772 4.968358
-1.061552 1.746057 3.505114
6.497768 1.187051 0.4239249
-2.335509 7.321938 0.0351772
5.913558 1.56016 0.3263703
4.829992 -7.335049 0.07171789
-4.719173 1.444674 0.01962515
-3.44815 -3.185108 0.02120716
-2.008644 -7.200131 0.02365932
-1.633288 7.370812 0.04517122
-1.891882 -10.04345 0.185977
-4.486103 -7.895535 0.01846746
-1.627871 6.953273 0.03898667
1.922391 -2.652302 0.04596822
-4.750052 -1.439003 0.01897672
-4.27885 -2.600392 0.01964044
-4.432173 -1.175304 0.01960651
-2.122261 -1.382059 0.0251779
10.4907 -2.438818 2.247018
-4.565473 -1.984571 0.01921709
-1.825985 7.364154 0.0419631
-3.898519 5.126064 0.02244761
3.568491 -5.352511 0.05849953
6.614874 -1.167087 0.2443067
-1.73252 2.974679 0.6349215
-4.141883 -8.150081 0.01900189
-1.498153 -5.25553 0.02568089
6.233688 4.004337 4.858131
-2.930029 -2.461078 0.02258133
-5.325978 5.778639 0.02032103
-4.514443 0.7172214 0.01980781
-0.1859245 3.107558 4.634479
-3.619886 -3.581957 0.02075898
6.878353 -8.860342 0.1140203
-3.071908 6.819253 0.06042399
5.746476 -2.407768 0.1370595
-8.145648 -0.4827909 0.01445441
1.511137 3.230237 0.05876704
4.39204 2.469447 0.1723601
-3.958921 2.19208 0.02133834
-3.277902 5.42265 0.02450926
-3.85342 2.35089 0.02163179
10.14519 -3.925399 1.004734
-0.06780871 -9.464713 0.02886695
3.366346 0.374405 0.07933195
5.891817 -2.03136 0.1523011
0.8180642 -10.73611 0.06340708
10.40537 -2.027379 2.542329
-8.053512 -1.336528 0.01448661
2.526739 3.697594 9.979525
9.797841 -0.07051173 6.195593
5.843561 1.777615 0.3354445
2.317192 6.387818 0.2762421
-4.812447 6.112464 0.02309845
0.680448 -2.978366 0.03631507
-7.154016 -4.914433 0.01518231
4.885037 -9.198129 0.06690875
-4.13497 -2.03903 0.02001994
1.65812 6.707941 0.2089533
1.330755 -5.433468 0.03801658
2.217702 6.004661 0.1839188
11.40907 -3.792095 3.077381
-7.726213 3.566708 0.01526503
10.75768 -3.95838 1.535014
-4.015507 6.911619 0.02350597
4.79363 -9.756636 0.06414125
-0.9214697 3.926062 0.0341326
-7.254614 3.598334 0.01586118
0.630571 -10.05328 0.03132337
2.046526 3.650033 9.336267
-1.603112 1.606075 1.350201
4.711448 1.77656 0.1719486
-7.109065 -4.162313 0.01529532
-1.94062 1.39238 0.4770884
-4.570768 0.1868215 0.01959504
1.805513 -4.356755 0.04248405
-1.292152 -9.039169 0.02508428
5.685056 2.196788 0.3505897
5.064024 3.369326 0.3679343
1.320287 -9.562731 0.03477133
-2.02009 -3.419467 0.02474085
9.683657 -6.282805 0.4543949
-0.2559954 7.273181 0.08346144
-2.491148 -0.06170146 0.02662958
-3.235109 -8.134133 0.02067312
5.207506 -9.624945 0.07072684
-2.237669 1.014921 0.1181862
4.836378 -4.516474 0.08411141
-2.707217 3.596195 0.09206656
4.357422 -2.615814 0.08368787
-3.563348 5.298162 0.02350885
3.331641 3.899442 0.1444883
11.23545 -4.756608 1.817364
-0.05856216 3.099591 5.083651
-5.169731 -7.323588 0.0174904
-4.489501 0.8519281 0.01988432
-8.023768 -0.9928204 0.01454365
-0.8516054 -7.656343 0.02687243
9.384845 -5.762545 0.4274324
8.867119 -2.13592 0.7200518
3.003604 2.6462 14.80165
-1.187842 -4.951876 0.02678254
0.2647316 3.073061 6.245935
7.161668 3.164847 4.312598
-4.567702 0.2456601 0.01961212
3.673849 -5.301394 0.06003597
5.638182 2.306806 0.3539472
8.748331 -2.693924 0.5724461
3.180512 1.137849 0.08069502
-1.552192 3.024766 0.8917432
4.288659 -4.331749 0.07327066
-4.527928 1.925212 0.02026594
3.193233 -1.198956 0.06641251
3.451728 -3.593469 0.06177592
3.391954 0.0933244 0.07788687
-1.730859 -5.136088 0.02502435
2.279102 1.566613 17.62047
-3.730773 0.2550901 0.02144629
-2.377352 0.6959617 0.05318509
-1.339551 3.889111 0.03157674
-4.491514 -2.162547 0.01932166
10.49156 -2.358726 2.336449
-6.891848 -4.556015 0.01551359
6.79062 -8.910916 0.1107452
3.325413 0.6191189 0.08020224
5.455861 -2.980361 0.1157294
-5.679408 -6.220519 0.01689263
3.814688 3.219501 13.04058
-0.2838993 -9.328376 0.02815294
-1.749929 4.137242 0.4495318
-6.624357 1.378263 0.01644182
4.936036 -3.706046 0.09171835
6.14458 4.074308 4.883961
3.853905 3.29892 0.1613885
-0.59382 3.120712 3.263901
-3.693464 3.10625 0.02801586
-7.419965 -4.445586 0.01492525
-8.058734 -1.303247 0.01448364
-7.672899 2.695052 0.01524684
-4.403649 1.1999 0.02013002
-6.215111 -2.785776 0.01653419
-3.23104 -8.231898 0.02066357
-2.089008 -1.439369 0.02525408
-2.332395 0.8171885 0.06899584
4.733371 -4.605548 0.08125054
4.29553 -2.706878 0.08161161
9.379556 -6.694587 0.366022
1.707111 6.263158 0.149824
6.441788 -8.508095 0.1027447
0.7552739 7.038941 0.1368893
-2.70175 -3.980863 0.02274873
1.433212 -5.427847 0.03867102
-1.835901 1.475718 0.6951945
4.350391 -9.358344 0.05923754
1.956152 -2.633964 0.04631249
5.019732 -0.8861489 0.1246214
-6.387374 -5.201708 0.01606697
-0.7354533 -9.771603 0.02650727
1.510943 -9.572691 0.03575056
1.080944 3.478489 0.05300712
-3.980878 2.15673 0.02127787
-5.635054 6.033298 0.01878267
-0.63616 3.925581 0.03610316
-6.231352 -5.549519 0.01623081
-3.893341 2.895436 0.02476856
2.940015 -9.525781 0.04503365
-7.591949 2.692398 0.0153416
1.739338 -2.741435 0.0441985
-3.526147 -1.300847 0.02146205
-0.02559983 3.097281 5.200956
-3.702716 -0.5611858 0.02124718
-3.736474 -0.2078619 0.02126884
-0.5339089 -2.760458 0.03029858
4.558923 -7.454032 0.06688973
-7.413503 4.117877 0.01570633
8.886105 -0.1883649 1.549746
8.622651 1.139208 10.67361
1.395381 -10.12979 0.03478501
6.624214 0.4999806 0.3685307
3.069734 5.461574 0.2490061
-0.903132 -5.508654 0.02752785
-2.255048 6.903299 0.03255309
10.39152 -1.837138 2.783733
3.374793 -9.467916 0.04876022
-6.437838 -5.956654 0.01593392
8.543437 -0.005838956 19.06014
-1.931597 -4.556635 0.02462944
9.199846 -5.856109 0.3835096
-2.323535 -8.620344 0.02254056
10.6672 -1.473867 10.2531
0.2854353 -5.379663 0.03239665
-2.587705 -2.886618 0.02333572
-2.940548 2.181376 0.04325921
-5.704067 5.387869 0.0184885
1.323727 3.346481 0.05618696
4.848057 -3.805431 0.08866606
-6.106044 -6.36197 0.01631203
-0.6396185 7.325836 0.06951176
-2.30695 -7.049624 0.02294844
-3.990633 -7.635427 0.01933998
-6.441447 4.761624 0.01723319
-1.544345 3.026652 0.9043617
-2.46212 2.611456 0.1232051
6.183068 -0.4046186 0.2284409
4.039005 -9.338251 0.05562211
1.710886 3.091107 0.06162231
2.153864 2.715841 0.06821196
5.364327 4.631239 4.924828
0.6653498 6.655808 0.09577387
3.950717 -4.580429 0.06633058
3.759546 -9.399018 0.05253996
3.384996 0.1992825 0.07848459
1.926246 -5.83247 0.04161937
3.827717 -4.66049 0.06411809
-1.499197 1.646563 1.707827
9.604787 -5.402217 0.5125764
-4.928284 -0.4852 0.01881935
2.822318 -3.993654 0.05258611
-2.476221 0.2443878 0.03050796
-6.733614 -0.7564457 0.01606562
-4.207427 -2.729355 0.01975265
4.383377 -4.876405 0.07280814
-2.881845 -8.336512 0.02136008
-2.441252 -0.5302155 0.02496042
5.438583 -3.00945 0.1147041
-3.980522 5.079359 0.02220434
-6.92978 4.796677 0.01643315
-2.389821 -0.7439503 0.02480618
-1.590475 -3.724813 0.02594085
6.365492 3.897987 4.811634
8.565656 1.012723 2.379659
1.30669 3.356408 0.05595764
1.710373 -4.376217 0.0417357
-0.4329452 6.892043 0.06007262
-4.081274 1.983081 0.02100363
-2.974544 3.663121 0.06264722
9.411331 0.4311883 8.24142
3.347785 3.88297 0.1450551
2.992663 -5.082523 0.05223708
3.385156 -0.3478504 0.07477276
-2.486157 -8.54204 0.02218395
-4.940639 -0.3246922 0.0188245
1.566889 -4.401326 0.04065589
-4.256568 -1.741621 0.01983877
0.103664 6.871885 0.8501623
-7.868588 1.80316 0.01493902
-4.329746 -7.481127 0.01878096
-4.864683 -7.590486 0.01791321
-2.139698 -1.350804 0.0251391
-5.1232 4.191813 0.01932676
3.223861 -3.757477 0.05808296
1.186953 -9.553518 0.03411518
10.89589 -2.538982 3.186584
-1.9681 1.367203 0.4281724
-2.425492 0.5295317 0.04045618
9.287926 0.5925997 8.10082
-6.630745 -1.419327 0.01613021
10.27 -1.154323 3.832548
1.317909 6.430133 0.1271332
-8.095913 0.9898402 0.01462107
-0.9374803 4.221279 1.350178
7.650329 -8.355699 0.1511908
5.062399 -0.5233817 0.1331606
-4.338674 2.282529 0.02108834
-4.160333 2.557512 0.02216864
0.3014805 -5.382011 0.03247059
-5.802726 -5.959659 0.01675236
-7.978929 1.666382 0.01480421
-1.376063 4.011721 0.8256865
-2.490282 6.869457 0.03068209
-7.210775 3.676398 0.01592788
5.329349 -8.932286 0.07504865
-6.37805 -6.032723 0.01600062
1.930204 -2.648114 0.04604737
-3.321067 -8.17781 0.02049549
2.865928 3.463616 11.29838
-6.324613 -5.290572 0.01613744
-3.739788 0.07735999 0.02135465
-5.974991 -5.875637 0.01653093
-3.319751 1.646974 0.0262334
10.87666 -5.698749 1.082312
1.637757 -8.035078 0.03761509
-4.132949 -2.043572 0.02002305
-2.846754 5.575756 0.02622604
5.010976 -3.616978 0.09449866
2.528533 2.302781 0.07375356
2.022478 -5.356457 0.04290424
2.573848 -5.226251 0.04776628
0.5034818 3.718069 0.0462468
-4.113307 2.622652 0.02252477
-8.424158 1.504483 0.01431469
4.828009 4.369969 0.5416998
4.053662 3.292527 12.76402
3.069209 1.415184 0.08011837
5.184568 -9.092334 0.07199016
-4.440921 -2.275482 0.01939522
8.701282 -7.457704 0.2447947
-1.896222 1.430018 0.5634327
4.895219 -7.304461 0.07297275
7.342428 -8.570457 0.1342985
-0.02107679 7.231194 0.09357383
3.216882 -4.988118 0.05498163
1.98578 6.330901 2.411827
8.34204 1.517992 2.805077
-5.673201 -6.22744 0.01690041
6.508869 -8.469875 0.1049891
5.110151 2.829646 14.33484
-1.785145 -4.64556 0.02502492
-4.463978 6.221641 0.02146673
4.862427 -10.46989 0.07414973
-1.714872 -3.64356 0.02558045
-1.588192 1.612444 1.399345
-1.708482 4.145351 0.478755
-1.393056 -5.305567 0.0259889
2.699171 -4.054291 0.05110909
11.21438 -4.828473 1.747046
-4.189719 -1.911414 0.01993687
0.4972414 -7.958517 0.03184707
10.78429 -1.830779 4.539701
-0.7601735 -9.295118 0.02658998
-2.033147 7.351331 0.03893124
-5.22691 -4.539672 0.01774384
5.308108 2.96759 0.3671283
6.755377 -8.930871 0.1094726
0.3333831 -2.967926 0.03434656
-4.736575 4.548896 0.02020801
3.357618 0.4363817 0.07958798
-3.412382 2.871333 0.02292547
2.890282 -10.11274 0.04398906
0.2402734 1.7689 9.624366
6.229766 2.051065 0.4892961
4.566885 4.04822 0.353591
-0.1225439 -4.338067 0.03116914
-7.779886 -2.245531 0.01470682
3.514842 -3.543615 0.06288908
-1.260317 -5.365416 0.02638867
4.810873 1.496621 0.1697643
-2.82462 -2.603219 0.02280616
10.24475 -3.932571 1.072565
3.136128 3.39726 11.8573
9.709933 -4.993178 0.5904082
8.105483 1.94668 3.193538
3.900874 -4.613499 0.06541609
5.815505 -8.829015 0.0851368
6.170668 0.1805019 0.258578
1.546 6.335323 0.1400703
6.612075 -1.186221 0.243039
-0.6042578 1.782023 5.633761
-4.91141 -0.6412194 0.01882312
-7.150871 3.779364 0.01601996
-2.647876 3.627478 0.1018485
-0.5103328 4.212968 2.126625
-4.570559 0.1913544 0.0195963
3.652862 -5.311802 0.05972378
1.763809 -5.851415 0.04044744
8.856941 -2.194923 0.7029042
4.77393 -4.571024 0.08235388
8.948428 -1.373721 0.9792352
1.408387 -5.876612 0.03809208
3.200734 1.079837 0.08073833
10.41265 -3.230382 1.52189
-7.078894 3.751485 0.01610096
10.98711 -5.453312 1.23892
9.568751 0.2594851 7.102272
-2.687646 -6.835832 0.02209987
-5.161986 5.892796 0.02105739
-1.508543 -3.775405 0.02618424
-0.9016667 3.926693 0.0342631
3.388776 0.1479574 0.07820283
2.140689 -9.578632 0.03937227
4.407276 -2.538473 0.08545955
-1.023402 -4.031685 0.02773083
-1.433113 -3.820014 0.02641268
6.675173 -0.1821533 0.3148641
-2.78818 6.883208 0.07624724
1.454921 3.266494 0.05798236
-6.175679 -2.880446 0.01657709
-6.640554 4.398778 0.01679429
2.93742 5.556002 0.2384924
-5.227023 -6.582922 0.01749346
-7.686403 -3.908522 0.01468018
3.768535 4.890553 0.303696
0.187222 3.809296 0.04302739
8.922684 -8.279455 0.2625621
-7.948595 1.43142 0.01481792
-7.958205 1.757896 0.01483496
10.34438 -3.084719 1.521792
0.2026239 3.80547 0.0431765
-2.775881 -6.782614 0.02191196
-5.814587 5.897338 0.0184097
-2.516056 -6.935313 0.02247457
-2.78122 6.884616 0.07669608
-3.643331 -7.973881 0.01991513
-4.708692 -5.175864 0.01847876
-3.166796 1.892691 0.03067381
4.894539 -1.448885 0.1111412
-5.863254 3.253888 0.01783018
0.1508568 -5.791704 0.03153479
2.263789 6.416386 0.2703875
-5.490654 -6.310303 0.01714558
1.999715 2.858127 0.06589491
1.981956 -2.619527 0.04657963
3.159082 -10.77353 0.05941083
8.852416 -2.220162 0.6956861
-3.178245 3.08201 0.02366662
-5.180906 -6.628598 0.01755585
0.5833223 -2.979555 0.03574018
1.206116 6.473525 0.1211689
-0.2939781 6.938737 0.6379103
11.2798 -4.591436 1.989731
4.986869 -9.697739 0.06708005
10.30978 -3.278544 1.383447
-0.9250406 -5.500594 0.02745517
-7.530946 -3.02345 0.01491563
-0.7151645 5.81003 0.0412688
0.4497008 -7.951812 0.03164255
-8.052397 0.6752537 0.0146428
9.989343 -4.368929 0.8059578
2.295771 -2.411597 0.05014464
2.250332 4.786383 0.105939
-1.927638 -1.683275 0.02565425
1.004421 -4.452479 0.03691337
6.024486 -9.300904 0.08766845
6.096401 -1.242475 0.1873295
-7.40123 3.141892 0.01561921
2.244743 -8.009526 0.04154137
3.286918 3.944473 0.1429093
0.03748598 7.219567 0.09629623
-5.560135 5.602117 0.01944526
10.90096 -2.953085 2.580755
1.556968 -10.1386 0.0356068
6.678258 -6.107978 0.1319091
-4.761096 1.310728 0.01949851
8.645309 -3.05137 0.4934456
1.689517 5.115376 0.08813223
-6.605046 4.444685 0.01685279
2.648075 2.145021 0.07542156
-7.243742 3.617917 0.01587767
3.23011 -5.498332 0.05403796
0.7422039 -2.975932 0.03669104
-6.319335 -5.297953 0.0161434
0.183572 -9.424687 0.02982568
-4.567365 -5.329466 0.01869134
-0.5134249 3.919078 0.03701351
1.28189 1.685766 14.08971
8.989096 0.5123452 12.83905
5.683873 -8.888684 0.0820739
-2.45636 5.681051 0.02804492
-7.295197 4.300238 0.01587864
10.70576 -1.570611 5.155512
10.39218 -5.024427 0.8792678
-4.977573 4.334546 0.01964939
-2.840487 7.243879 0.03033524
9.28085 -5.734888 0.4075089
-7.269556 3.409134 0.01581368
7.322345 1.393389 16.71267
10.04468 -5.710696 0.6135095
6.184696 -0.1410169 0.2419441
-2.999633 2.112774 0.03904424
-8.106484 0.9028081 0.01460279
8.506842 -6.885902 0.2420103
6.124792 0.6103281 0.2807518
-3.457459 -1.48943 0.0215729
11.41142 -3.321126 3.967254
1.092949 4.003377 6.250122
-5.235319 4.074285 0.0190854
5.071817 -0.3740498 0.1366012
2.445186 3.716958 9.790105
-6.433744 -5.13471 0.01601537
-2.268324 0.9573555 0.09961191
-4.039536 -2.242258 0.02016975
4.927166 -9.082005 0.06787213
-8.411747 1.569367 0.01433244
3.124556 4.100896 0.1370937
-2.098653 -8.722933 0.02305221
-8.128595 -0.7222785 0.01445423
8.874765 -0.1175656 1.591304
0.4429797 3.94125 4.790306
-0.7565722 -2.661819 0.0294207
3.405205 -10.74754 0.06067375
-3.774136 5.193371 0.02282843
1.008836 -4.452363 0.03694006
4.893199 -1.453489 0.1110307
6.182648 -0.05471804 0.2463978
-1.498423 -4.803412 0.02583835
-2.975799 2.14096 0.04065111
-1.400097 -9.001367 0.02479284
5.506605 -2.892267 0.1188681
-7.280016 -3.818574 0.01512998
9.945327 -0.3261931 5.553564
9.71433 -4.984464 0.5929821
-7.420472 3.279091 0.01561348
3.896324 -4.616475 0.06533385
10.89231 -2.487025 3.271439
-3.671394 2.589566 0.02215135
3.481875 1.383201 20.75568
-4.05165 6.41629 0.02276738
4.673937 -2.043979 0.09696636
3.863993 1.316187 21.48028
-1.247412 -2.364177 0.0276757
-3.272454 5.42484 0.02452933
-1.207466 5.827096 0.03640625
8.606831 -7.550697 0.2330208
3.138004 -1.332948 0.0648629
2.505992 -5.725384 0.04638924
-2.178381 -1.27814 0.02505636
-8.534919 0.6777075 0.01414105
4.447762 -7.499153 0.06507367
8.797151 0.6384723 13.42904
0.4803071 -2.977317 0.03515134
-1.09967 4.035628 1.196044
8.79336 -8.394507 0.2465032
-6.166135 4.951449 0.01761018
6.129563 -1.036477 0.1971127
-2.529811 -2.949467 0.02347017
-7.953181 -1.470572 0.01458183
-3.837048 -6.019066 0.01987932
3.284375 0.7983852 0.08059016
1.017099 3.509952 0.05220331
-2.386653 6.885401 0.03147551
-0.2163208 -2.867559 0.0316559
-3.753484 -8.413532 0.01964275
1.353257 -10.78949 0.05929246
-7.092413 -4.194058 0.01531173
-4.741536 6.069813 0.02069663
-3.575378 3.217336 0.03073792
-4.440078 6.734072 0.02194022
5.047323 -0.6812952 0.1294696
-0.128911 -5.302369 0.03059558
-8.082203 0.002921034 0.01455817
6.4237 1.469605 0.4462416
-3.055883 3.612792 0.05572008
3.388104 -4.907159 0.0572744
-5.955211 5.784132 0.0181303
-4.881347 0.7938277 0.01913939
-1.305411 -4.898313 0.02641701
-4.93155 0.4059252 0.01896997
5.515818 -8.961168 0.07842541
3.101366 -1.412617 0.0639145
-7.097111 3.868394 0.0161036
-8.079441 -1.161879 0.0144726
-2.849433 2.279344 0.05146465
-6.080589 -3.095689 0.01668272
6.594022 -8.304359 0.1087812
-3.501345 -3.115325 0.02110703
-3.737846 -0.1776561 0.0212748
-7.993151 -1.223277 0.01455843
-5.655223 5.429251 0.01858706
5.704038 -10.20615 0.08788686
-1.492611 3.038509 0.9906122
-7.917117 -2.019223 0.01457839
7.393312 -7.759907 0.1457566
-2.524297 2.566019 0.106236
-8.15796 0.1152301 0.01448682
-6.206577 2.621386 0.01719761
3.234013 0.977137 0.080752
-3.047232 -8.244056 0.02103303
4.478739 -4.807149 0.07493407
3.261395 -1.000404 0.06860064
-4.692699 6.097816 0.02082683
-2.432294 -0.573518 0.02491126
-1.939173 4.094326 0.3346368
4.227788 2.754643 0.1701216
-3.578769 -1.133799 0.02138338
4.954053 -3.685016 0.09237091
7.181062 -8.675665 0.1266265
3.121274 -1.37012 0.06442288
0.9028839 4.037601 5.719504
0.09594345 6.873359 0.845614
2.611234 -2.127292 0.0544827
-7.925066 1.894275 0.01488364
-3.489917 3.292263 0.0332015
9.764736 -7.407791 0.4232021
6.127444 -8.677054 0.09321655
5.346461 -3.157511 0.1095702
2.537345 -2.202245 0.05338206
6.179974 -0.4899089 0.2241151
-4.575237 -1.959747 0.01920358
7.325174 -5.434903 0.178307
-3.206904 5.450666 0.02477378
1.092869 -5.880643 0.03621212
3.769592 3.4065 0.1589308
2.828901 -1.867163 0.05811942
-0.932495 -2.568775 0.02876643
-7.638236 3.733567 0.0153873
5.935261 -1.898862 0.1578974
5.881204 2.558047 14.45787
8.907824 -1.855774 0.8069055
-0.1364338 4.009859 3.205116
2.728231 4.441417 0.1227159
-0.7323562 -9.302936 0.02667494
1.160264 -10.7733 0.06048043
-0.7518334 4.043233 1.800403
-0.1568685 1.783773 7.76744
9.082833 -6.023136 0.3527166
-2.047535 1.285268 0.305921
-2.278813 -7.064442 0.0230137
-8.098716 2.706184 0.01475899
-1.546443 -2.114674 0.02673017
-3.700843 7.022541 0.02490714
6.459434 -6.299805 0.1207511
6.027353 4.164138 4.911142
5.600317 2.392056 0.356346
-0.8927495 7.002769 0.3980568
8.617976 1.205514 10.09833
-2.747633 3.57408 0.08601648
-1.809541 6.944723 0.03687482
10.34146 -5.136637 0.8290448
4.257314 -4.963154 0.07017105
4.510789 5.152075 4.622804
10.24863 -0.9266382 4.603361
-7.423964 -3.299208 0.01501151
-0.832557 4.043461 1.646652
6.591855 -1.313266 0.2347287
3.690107 3.503764 0.1564953
8.967589 -6.179241 0.3261498
4.91063 -3.7353 0.09081451
-5.400102 -7.108267 0.01718432
8.710808 -2.832935 0.5403936
6.532896 1.032087 0.4114894
-1.374912 -9.100229 0.02483446
-1.417988 6.957227 0.0417236
-8.065682 -0.5336502 0.01453442
-2.28388 0.9260384 0.09120688
9.537184 -0.5282278 15.67542
2.117541 6.281209 2.544413
2.539493 -2.200147 0.05341324
-0.8287064 -7.663459 0.02694448
1.484758 3.247402 0.05839772
-4.304344 6.79446 0.02240627
0.4538926 1.756332 10.59434
3.682778 3.51254 0.1562655
-5.562112 6.085938 0.01893989
6.74572 1.620872 17.42595
1.00279 -2.951048 0.03837438
5.870485 1.696956 0.3321628
-4.852529 -1.009818 0.01886601
-1.871713 -1.757326 0.02580198
-3.0004 3.219748 0.02425948
-2.456956 -0.4436266 0.02509371
-3.278727 1.718082 0.0272005
5.407368 -9.553763 0.07433058
8.586708 -3.227117 0.4585178
-8.279087 2.135803 0.014516
8.860789 -6.317206 0.304316
2.477579 -5.732114 0.0461313
1.412813 3.942012 7.136184
-1.067852 3.918286 0.03319537
5.997818 2.590794 0.5230036
-2.737232 -3.94925 0.02266952
-6.242958 2.541466 0.01713201
0.2847378 6.757567 0.08117294
3.621346 -3.454694 0.06486883
3.4662 -9.548015 0.04947671
-2.058085 3.868532 0.2832252
-1.372825 -10.23385 0.1356789
-4.417989 1.149789 0.02009008
5.238755 2.913489 13.75899
-4.53783 -0.6103249 0.01950946
-1.990585 3.736542 0.02825067
0.8870546 3.002667 8.48567
3.616143 5.625064 3.99317
8.952764 -1.252086 1.027696
-0.2897838 -2.846122 0.03133024
1.046912 -9.63129 0.03339733
1.8926 -9.581247 0.03786922
1.36535 -2.875263 0.04101632
0.3586165 -9.543735 0.0304583
-3.096638 -2.210365 0.02224016
-2.553836 3.674247 0.1197821
-2.026509 1.308378 0.3355566
0.05942844 7.215092 0.0973377
1.091795 -9.545813 0.0336606
-0.5791975 -9.813458 0.02698686
-2.993908 3.224453 0.02428165
0.07360124 -2.933459 0.03301605
-0.3967907 -10.51542 0.08679717
-1.132757 1.735566 3.189599
-2.439781 -6.977875 0.02264518
4.786349 -7.355084 0.07089943
-2.669604 6.906157 0.08433935
-7.647042 -3.993092 0.01471556
-3.318217 6.753089 0.05002314
-1.351333 7.371493 0.05063655
6.348052 3.912262 4.818359
2.872755 6.061212 0.340243
5.950339 2.688326 0.5281652
-0.955075 -4.062263 0.02796415
0.6555187 -4.447698 0.03492001
-4.565734 0.2772612 0.01962194
1.587338 3.744498 8.092621
-0.03335001 -2.912568 0.03249985
7.666089 1.840356 12.15984
0.2602474 3.790604 0.04374126
2.22263 2.647722 0.06924574
-4.812967 1.119855 0.0193446
8.682582 -2.930381 0.518948
7.995544 -7.25183 0.1896008
-8.058481 1.249021 0.01468242
-2.811677 -2.619921 0.02283423
3.289568 3.505578 11.56341
-2.252469 -1.123384 0.02491542
-3.67772 -8.462161 0.01977272
0.5571089 6.686937 0.09135774
-2.172095 -4.397435 0.02400746
10.6379 -6.158306 0.8403938
10.3969 -0.9103187 7.053702
-3.916211 -3.19049 0.02023354
-1.515121 4.177333 0.6365736
-0.07220722 -10.58812 0.07787925
3.717493 3.245977 12.89133
10.90377 -2.777477 2.822978
-8.082114 0.0271585 0.01456014
6.134726 -9.25021 0.09047451
4.720653 -7.3846 0.06969817
-4.945116 -0.2397018 0.01883099
0.858789 3.582444 0.05027019
10.35403 -1.54609 3.194079
-2.450186 -4.683396 0.02319508
4.00858 -5.11941 0.06547491
2.538626 -9.652939 0.04192852
4.367519 -2.60045 0.0840392
3.326111 0.6156697 0.08019265
10.32386 -3.646748 1.237174
3.268166 -5.483275 0.05450688
3.014833 1.531982 0.07968531
-2.837481 -2.586468 0.02277837
4.504459 -2.375912 0.08920864
-3.718892 -2.804216 0.02071105
-5.044575 -7.435503 0.0176614
2.984921 3.434695 11.55037
-0.5925896 3.923704 0.03642184
-6.57649 1.580025 0.01653106
4.549312 -4.753779 0.07658663
9.873975 -4.888135 0.6639901
7.257766 -8.626262 0.1301824
1.556042 -2.814618 0.04257299
6.189881 -2.655256 0.1585073
-0.7509036 -9.297733 0.02661824
0.05221135 -9.399983 0.02933729
3.744685 -3.343566 0.06733815
-8.440526 -1.475029 0.01408421
1.848868 -2.690143 0.04523838
2.797845 -9.63297 0.04382104
0.271746 3.787532 0.04385525
4.824039 1.455719 0.1693615
3.977745 -4.562129 0.06683715
-7.736928 3.545647 0.01525023
-2.63883 -8.465299 0.02185891
-3.081472 2.010262 0.03437345
2.388585 -9.569539 0.04098527
-0.3375107 -2.831138 0.03112254
3.289577 5.295591 0.2665296
1.513663 3.921767 7.411725
8.943142 -0.7180447 1.266673
-7.608069 2.650003 0.01531827
-0.8615518 5.819396 0.03970351
-7.76826 2.42832 0.01511
4.979624 0.8493816 0.1612549
4.569027 -2.257777 0.09195433
3.392503 -0.2346001 0.07566268
0.5212735 -5.844711 0.03322684
-7.777064 2.144903 0.01507345
2.47679 -10.13972 0.04103897
-6.760399 -0.4405229 0.01606363
-7.249331 -3.882853 0.01515922
-0.06945217 -9.375462 0.02889804
3.658113 -5.309209 0.05980159
-4.315564 -1.575363 0.01975585
-5.1983 4.113868 0.01916444
-1.468592 3.868377 0.03085907
-2.021463 -1.547671 0.02541619
6.64885 -0.884265 0.2635286
0.9689105 -5.437646 0.03586836
9.341845 -5.82818 0.4135105
-6.787314 4.199723 0.01655644
0.8188262 3.011393 8.243617
10.40044 -5.00564 0.8879672
-6.772957 0.07674955 0.01610116
7.821178 -8.228071 0.1620876
1.649291 6.28956 0.1462656
-3.871771 -7.819098 0.01952291
4.496941 2.307559 17.30315
10.46165 -2.886429 1.804073
-4.728185 -1.514522 0.01900315
-4.000142 -3.066717 0.02009125
-3.413101 -3.229902 0.02127383
-2.488374 -6.950876 0.02253619
7.330722 -9.444865 0.1375748
0.03347366 -9.396309 0.02926883
6.573307 1.683784 17.57892
4.035916 -4.521849 0.06795385
-3.315978 5.407152 0.0243701
-2.349028 3.764769 0.1712688
-3.600538 5.280494 0.02338542
-1.608931 -7.379867 0.02468182
-1.323864 3.891326 0.03166614
9.540322 -5.512473 0.4848737
5.149129 3.973842 0.554558
-2.279035 3.991495 0.1923129
2.944604 -10.79143 0.0585329
-4.030378 -3.020477 0.0200407
-1.990272 -4.519344 0.0244746
4.530573 -4.76813 0.07614097
0.195228 5.669984 0.05380092
-0.170576 3.880908 0.03977429
9.895579 -7.248861 0.4617064
2.365336 2.496029 0.07137604
-1.704962 3.818473 0.02962246
-7.018395 -4.168622 0.01539926
1.675014 6.277884 0.1478407
-1.276748 3.897583 0.03193757
0.9005655 6.582061 0.1061256
1.035326 -4.451573 0.03710099
-5.167608 -4.619144 0.01782447
10.37916 -3.405571 1.395073
3.366011 -0.5221837 0.07329098
-3.186341 -8.163176 0.02076539
-5.320514 -4.410125 0.01761837
-4.642425 -7.772908 0.01823449
8.421431 -7.725368 0.2123582
-4.112487 -2.088932 0.02005469
-7.971412 -1.363377 0.01457072
-0.8620507 3.927657 0.03452691
-1.511439 3.860489 0.03062761
-0.2255513 5.752329 0.04735676
-1.951746 1.382368 0.4568682
-1.209282 7.017861 0.3052161
10.88514 -2.403826 3.411732
4.454898 -10.56953 0.06925102
-6.771593 -0.1810229 0.01607603
-7.831805 -3.576681 0.01455214
-4.57473 -0.1008109 0.01953343
-6.450994 4.750634 0.01721478
0.3212414 3.067619 6.450673
-7.459994 3.0124 0.01553326
8.237388 1.40854 11.62385
-1.907231 6.938142 0.03582882
-5.693754 5.493697 0.0190184
-8.010755 2.938399 0.0148773
-7.375243 -4.528537 0.01496763
2.993078 3.582566 10.99027
-4.054246 2.700786 0.02302558
-3.779091 -2.709603 0.02060542
5.211613 -9.082193 0.0724814
4.964124 -1.17815 0.1176398
0.7609659 -10.0704 0.03186808
-5.971449 3.074199 0.01762768
-7.958531 1.377711 0.01480244
2.9744 -3.911442 0.05453628
2.925824 5.564089 0.2375745
8.45335 1.262111 11.10919
-5.624459 -3.949385 0.0172261
0.3330895 1.763783 10.04871
-8.2726 2.159342 0.01452481
1.505983 -2.832013 0.04215185
-0.6797046 -2.698192 0.02971729
-1.205603 -3.94371 0.02712798
-3.869872 2.921836 0.02507891
-8.038698 0.8173904 0.01466895
-7.573696 2.94216 0.01538984
6.491266 1.21399 0.4260756
3.102715 1.337871 0.08034199
-1.627749 -9.007481 0.02417456
-3.72465 3.075341 0.02740878
-6.810049 -4.542395 0.01561144
-0.4680814 -2.785795 0.03056937
-6.968093 4.748721 0.01637329
6.556481 -1.502059 0.222727
10.48167 -2.047245 2.71702
-6.164425 -5.637319 0.01630796
-1.714845 7.368611 0.04376481
3.831984 -3.259104 0.06921506
-3.546023 3.243568 0.03153251
-4.572841 -0.1744334 0.01952334
9.718716 -4.975743 0.595569
-2.528704 -8.520972 0.02209244
-2.662403 6.83932 0.02946239
-2.479186 5.675723 0.02793053
2.211512 6.008077 0.1834785
-4.507481 6.70277 0.02171938
5.496954 -8.863246 0.07843158
1.365597 6.828313 0.1829465
6.175628 -0.5749088 0.21983
8.090601 -8.951484 0.1813423
2.960715 -9.616748 0.04508987
6.578148 -9.842033 0.1094519
-1.687694 -1.9728 0.02631366
-8.541219 -0.6303406 0.014043
1.124477 5.376053 0.07287405
1.217324 3.406808 0.0547698
6.128259 -2.790011 0.1519952
6.565444 0.870333 0.3984336
-1.200994 6.954691 0.04492903
-2.207258 1.067295 0.1394461
6.446168 1.388955 0.4399336
-3.660922 2.602154 0.02218181
-8.556539 0.3229402 0.01409421
2.693682 6.048424 3.127798
9.291485 -5.718606 0.4108436
-2.028151 1.306613 0.3331729
-3.432253 1.425944 0.02421086
0.6828812 -9.591098 0.031781
-1.342211 -7.486524 0.02541297
-0.4072347 4.206841 2.343505
1.031334 3.50305 0.05238133
-3.223321 5.444289 0.02471203
4.814166 -4.536074 0.08347789
1.168017 -2.922661 0.03953115
-3.53626 -1.270541 0.02144644
8.365573 -7.033836 0.2244123
-1.252458 -3.919525 0.02697735
-5.190026 4.122609 0.01918219
8.037449 -4.422103 0.2765603
-1.08695 -7.579056 0.02615281
-1.813858 1.491001 0.7474489
3.656617 -9.419107 0.05147938
-3.310545 5.409384 0.02438984
-4.319543 6.293868 0.02189895
1.231295 -2.909098 0.03999448
5.943894 -1.871049 0.1590873
3.850981 -9.982116 0.05251661
5.077014 -0.08736222 0.1430264
5.589274 2.416358 0.356996
10.04991 -0.4255734 8.778637
-2.651604 3.625554 0.1012008
6.806619 -8.29052 0.1160065
-3.740804 0.02513853 0.02133372
-7.238465 3.468231 0.01586003
-7.275297 -3.645158 0.01514949
2.744994 -7.952927 0.04538598
1.228197 -5.437124 0.03738272
3.621036 -7.772548 0.05392519
4.331905 -2.653991 0.08281616
4.544142 -7.460152 0.06664309
-6.991843 4.718555 0.01633639
-0.1009973 -4.342966 0.03126205
-2.144533 1.163012 0.1931696
5.750029 -8.751243 0.08405554
-2.597562 -4.573 0.02285397
-4.544584 -0.5544321 0.01950691
-0.3759278 -10.5204 0.08614459
-7.113208 -4.15437 0.01529124
-4.51896 -2.098438 0.01928242
-1.986008 -3.446363 0.02483157
-3.129061 -2.15712 0.02217589
6.669302 -0.009162319 0.3281944
8.771051 -2.603394 0.5942788
1.301232 -9.561528 0.03467615
-0.7106464 4.042692 1.881876
-8.496358 -1.091065 0.01405553
4.459078 2.341866 0.1728795
7.083829 -7.986488 0.1292857
-7.170376 -4.042907 0.01523535
-3.714617 0.4196014 0.02156438
5.82834 1.933248 17.92561
-1.61532 3.976129 0.580549
1.413412 -2.861395 0.04139676
8.074347 1.997587 3.240871
-2.791858 -3.899557 0.02254876
-0.6847529 6.985687 0.4712279
-1.060864 5.826315 0.03773851
-0.96717 -4.056944 0.02792256
5.069548 0.1361123 0.1478211
3.798942 3.365997 12.40996
-1.542611 -7.407358 0.0248598
5.288772 2.895955 13.7764
9.67501 0.1145852 6.693528
-7.349846 3.249676 0.01569477
-8.139434 -0.58178 0.01445346
-4.030612 -2.260199 0.02018406
1.762323 -4.365871 0.04214101
0.3421849 -2.968693 0.03439366
0.5496827 -4.440826 0.03435731
-1.529951 6.955905 0.04022178
-2.484888 5.674375 0.02790212
10.34244 -1.219048 4.023317
-1.992073 4.080548 0.3075204
-2.194053 -7.108287 0.02321251
-0.724892 -2.677114 0.02954213
8.979859 0.8990619 9.080869
-6.047427 5.706495 0.01795265
7.144988 -8.066211 0.131036
-1.863454 3.922908 0.3918697
-0.8736993 -2.601439 0.02898138
-3.654916 0.7657771 0.02196506
2.647867 6.067836 3.081773
2.907754 -1.75437 0.05961972
10.49157 -2.348706 2.347872
3.664276 5.60125 4.033503
-0.01182668 6.893221 0.7839072
-0.671236 -5.588341 0.02832109
-0.9470029 -4.065791 0.02799199
4.261738 4.967779 0.4982602
-7.53395 -3.015313 0.01491299
-2.398042 0.6305609 0.04723533
-4.532743 0.5986305 0.01974834
-3.103794 1.980632 0.0333015
-4.046058 2.711313 0.02310018
1.715503 5.101755 0.08890144
-1.195739 5.827168 0.03650949
3.702841 5.582043 4.065365
-1.456028 3.046302 1.054826
-2.112841 2.821109 0.2813026
3.421869 -9.460389 0.04919657
-6.225815 -5.556859 0.01623716
-3.002899 5.524941 0.02557254
6.145018 0.4542855 0.2727408
-5.068095 4.247086 0.01944759
10.8592 -2.195562 3.78784
-8.083292 1.084427 0.01464225
5.954478 4.218772 4.924189
-4.748629 -1.444041 0.01897842
-0.3436206 -9.871781 0.02774125
-5.401891 -6.404353 0.01726107
-2.825835 -8.952006 0.02135805
-4.563546 0.3088036 0.01963219
1.677743 -8.034824 0.03785245
-2.440745 -0.5327628 0.02495723
-4.356541 -2.450871 0.01952118
-0.8414408 -4.110302 0.02836132
4.087547 -7.631385 0.05975129
-0.6447735 -7.718061 0.02753681
1.823436 6.634137 0.2247478
-0.3998075 6.953329 0.5888138
2.315152 -10.1456 0.03998003
-8.548499 -0.5177634 0.01404358
5.380793 3.654288 0.5567391
-1.38455 7.020427 0.2624513
10.63751 -4.382616 1.230299
-4.806049 1.147352 0.01936506
-1.822365 -1.819061 0.02593552
-6.183383 5.586825 0.0176982
11.1693 -4.971443 1.615054
-3.705887 -0.5383002 0.02124603
-3.166247 7.173605 0.02794221
1.787623 -9.58041 0.03726413
4.663004 4.556045 0.5314057
4.939766 -9.179681 0.06779052
6.55373 0.9309909 0.4033351
5.069262 0.1412094 0.1479278
-6.052439 5.171568 0.01806136
2.19353 -4.253131 0.04583825
-7.411087 -4.462199 0.01493363
1.260042 5.319503 0.07627577
-2.283744 3.625843 0.02696621
2.220402 -5.785987 0.04391573
4.426772 -2.507173 0.08617875
-6.656483 -4.795432 0.0157731
-7.856791 -1.940728 0.01464817
2.712347 2.703866 14.10661
2.613631 -5.698452 0.04739197
-3.234169 1.790725 0.02842337
-8.05483 -1.328207 0.01448585
-3.728871 -0.3252365 0.02125205
6.464094 1.321692 0.4346313
7.83843 -4.745133 0.2407417
-2.846768 -4.370412 0.02230082
-3.616881 0.9183689 0.02224276
5.280288 -7.107518 0.08124526
-6.212851 -6.23584 0.01618818
5.522243 2.688809 14.46266
-4.149347 -7.51813 0.01908124
2.100491 2.766676 0.06740883
-4.198659 -8.109507 0.01891165
-0.3038471 -2.841794 0.03126873
-3.398732 -6.364032 0.02067093
-0.6909325 -9.225264 0.02683331
2.896771 5.58422 0.2352779
-3.303375 2.973955 0.02326527
10.40997 -2.147265 2.400348
3.636826 -4.774839 0.06095883
5.322373 -7.084225 0.08224974
2.552338 4.576033 0.1164186
0.1197553 3.085981 5.722073
1.142353 1.699719 13.53366
0.03449792 5.705054 0.05119445
-1.276139 -4.911944 0.02650707
-4.914459 -0.6160261 0.01882193
8.517559 -3.416433 0.4235371
-7.751115 3.517496 0.01523065
0.72061 -5.426519 0.03452624
-5.172207 -4.613051 0.01781819
-1.158998 6.953426 0.04559742
4.522609 4.101818 0.3515182
-1.478633 -2.176814 0.02693704
3.727877 5.441511 0.4418983
2.180517 6.025074 0.1812833
-2.355415 -9.181081 0.02234288
6.673132 -0.5058823 0.2905972
-6.876476 4.861987 0.01651715
8.373682 -3.764235 0.3658154
10.30351 -1.087843 4.275229
3.404101 -7.827221 0.05155307
4.761467 -3.898226 0.08586184
4.274405 -2.736803 0.0809316
8.953418 -0.9639102 1.151171
-2.4527 0.4028256 0.03480523
-4.247902 -1.764636 0.01985126
8.536962 -8.610427 0.218923
9.242795 -5.974202 0.3841299
1.939674 6.579686 0.2363085
-8.400463 1.625974 0.01434846
-7.740774 -2.385332 0.01473796
-1.311307 -9.122386 0.02500586
-1.678571 -3.667838 0.0256845
-0.7789833 1.77358 4.80619
-2.607009 7.284547 0.03237968
2.384031 2.765745 13.24836
9.633932 -5.350953 0.5259874
0.9040971 -5.435835 0.03550832
-1.512745 -4.796016 0.02579643
6.626763 -8.284553 0.1099796
-3.48467 -1.417953 0.02152807
1.743126 6.418798 2.171517
-0.4180491 7.297825 0.07720029
7.680941 -4.975931 0.2178838
-1.61151 5.810163 0.03317257
9.163599 -6.086164 0.3630114
-7.553351 2.79074 0.01539751
-2.983988 -4.249524 0.02200842
1.304119 -4.434436 0.0388171
-2.489383 -0.1269424 0.02620556
-7.255804 3.435447 0.01583416
-7.969985 -1.786133 0.01454035
3.222717 -1.118593 0.06731399
10.83789 -2.070495 4.031737
9.756537 -0.671152 14.77112
0.9055863 6.992034 0.1472072
-0.7828455 -7.677498 0.02708988
6.038102 1.085647 0.3044953
-7.08384 -4.042663 0.01533435
-3.927419 6.544354 0.03362402
5.062006 -9.03426 0.0701425
-7.171091 3.591711 0.01596112
5.389202 3.642059 0.5566899
6.555198 -1.508314 0.2223366
10.58505 -4.538128 1.134239
-2.254915 2.744602 0.202045
-1.134787 -3.979036 0.02735902
-0.8835844 -10.38704 0.10596
8.169826 -7.085599 0.2063936
9.120028 0.4208618 12.41348
-6.370959 5.41078 0.01736057
10.34724 -1.505909 3.254861
2.15826 -2.5105 0.0485056
3.03964 -3.873556 0.05541957
2.328217 4.73452 0.1085922
3.85291 -9.379734 0.05353568
4.918717 1.122202 0.1653634
-4.160834 -1.979881 0.01998042
-6.628513 1.359205 0.01643396
-4.089355 2.654815 0.02272026
-2.1241 3.847419 0.253039
2.363591 -5.757546 0.04512348
-0.5512384 6.907137 0.05729714
6.571697 0.8366366 0.3957092
10.34547 -1.495862 3.27022
8.566311 -6.821409 0.2500916
0.7995591 5.497013 0.0653821
2.450671 5.870816 0.2009084
-0.176309 -5.291461 0.03040204
7.518236 -8.45016 0.1435475
11.37967 -3.019741 4.659546
-2.785027 5.594443 0.02649531
-3.153317 3.102389 0.02374809
-5.686551 -3.846422 0.01714885
-6.335147 -5.275799 0.01612556
9.341412 -6.742688 0.3568838
-0.7907185 3.928391 0.03501123
4.157036 5.066827 0.488094
5.864369 1.715582 0.3329298
2.449716 -2.284049 0.05214844
-3.420422 -8.020433 0.02032971
11.40834 -3.802744 3.059663
-3.75584 2.483751 0.02190805
-6.402056 -6.002349 0.01597377
2.911104 6.036601 0.344814
0.2123938 5.665972 0.0540904
10.83924 -5.776433 1.036993
8.760877 -2.644599 0.5842456
0.5156194 -2.978489 0.03535083
9.612252 0.2016648 6.937213
-6.045398 5.073931 0.01783088
3.503776 -4.847867 0.05893204
-4.696711 1.510861 0.01969438
6.591594 0.7220958 0.3864468
0.6542924 3.031496 7.654966
-0.256128 -9.423694 0.02821246
-2.030592 5.762385 0.0303927
-6.69852 0.9797554 0.01629658
2.792417 -7.945854 0.04578426
-8.304324 2.041314 0.01448165
-1.202892 7.367556 0.05392777
4.128976 -5.046155 0.06766977
3.981287 -7.66645 0.05832766
-8.130428 0.6639378 0.01455837
6.095104 0.7978658 0.2902668
5.628281 -8.806311 0.08126761
9.705001 0.07548969 7.136975
4.627265 4.594967 0.5288911
-7.945687 1.446739 0.01482243
-1.628095 -5.190333 0.02531006
3.041135 5.482323 0.2467286
-1.894226 1.431627 0.5675277
3.143745 1.236443 0.08056104
3.485194 -9.544882 0.04965621
-4.255429 -2.643516 0.01967697
-4.092025 5.012762 0.02188291
-8.475559 -1.248027 0.01406524
10.1334 -3.962801 0.9862569
1.052148 4.010873 6.13629
3.532643 3.685667 0.1513936
-5.796023 -6.088111 0.01674788
4.402569 2.44989 0.1724585
-1.710651 7.013938 0.1970798
-0.05713198 3.861753 0.04076284
0.1270891 6.793473 0.07585725
-4.317784 2.317343 0.02119649
-3.550863 1.131303 0.02280718
-8.371413 1.762777 0.01438923
2.57547 2.242647 0.07441794
0.3462292 6.742577 0.08335926
-3.668781 2.592718 0.02215895
10.90348 -2.849864 2.720624
-6.753395 4.37501 0.01666597
-4.507632 0.7564946 0.01982911
0.1854353 -5.797649 0.03168562
-6.963039 3.939054 0.01627941
2.272035 -5.776177 0.04434403
-6.560211 1.642487 0.01656098
-1.984221 5.769218 0.03067537
9.177879 -5.888166 0.3774002
3.06818 -1.479712 0.06310031
-6.64326 1.289122 0.01640587
0.3646081 -5.825159 0.03249016
1.771616 -2.726931 0.04449931
3.219652 5.828215 0.3818685
-3.760845 2.477226 0.02189376
4.050041 -3.023822 0.07446206
1.072496 4.007145 6.193069
-2.247138 3.64123 0.0271203
-2.448076 -0.4945549 0.02500926
-0.1879234 -2.875323 0.03178377
-2.764391 -2.679647 0.02293763
2.455915 2.391638 0.07270659
-6.731981 -4.673172 0.01569307
10.25907 -1.114172 3.903974
-3.405388 -1.616671 0.02166147
-8.034031 -0.9024168 0.0145397
-2.43873 -8.657554 0.02226667
-3.685453 -0.6718979 0.02125745
-3.564471 1.091278 0.0226806
6.183974 -0.1040578 0.24385
3.092854 -5.041916 0.05342972
5.219402 3.120286 0.3681605
2.155668 6.038571 0.1795346
-4.558141 -0.4196086 0.01950598
-4.112866 1.923778 0.02091797
2.270474 6.412836 0.2711169
-6.628141 4.537405 0.01688584
-7.129418 -4.955077 0.0152067
2.818818 4.368324 0.1259937
-5.718843 -6.057135 0.01685613
10.67713 -4.255297 1.314886
-3.003292 -3.694703 0.02209481
-0.2265244 -7.825567 0.02898043
8.11856 1.484748 11.88784
-1.882062 -1.743964 0.02577435
-2.058144 3.713513 0.02794416
0.01217209 -9.949118 0.02895773
6.398182 1.556883 0.4529976
3.151396 3.393437 11.88745
6.889583 -5.906993 0.1445083
-2.112012 6.985298 0.1377847
-3.743085 7.008628 0.02470484
-5.442071 3.837774 0.01865513
-2.54067 -4.118129 0.02311618
-2.490663 0.03307278 0.02743773
1.272654 -9.559652 0.03453429
0.0243681 -2.924333 0.03277625
5.053088 -0.6271818 0.1307397
-2.657129 2.4595 0.07791614
10.68738 -1.518673 5.286948
9.923804 -4.78095 0.7007664
-2.448544 -0.492008 0.02501306
-1.252218 4.206293 0.9138283
-0.3582326 -9.310895 0.02790298
-4.027375 -3.02511 0.02004571
1.790362 -2.718276 0.04467613
-1.212849 4.027924 1.032659
-3.266437 1.738571 0.02751881
-0.5557156 -2.75169 0.03021003
-6.118721 -6.347203 0.01629723
-2.40931 -8.57948 0.02235111
5.148288 -3.442009 0.10009
-3.895699 -2.513382 0.02040589
-3.738446 -3.432998 0.02054447
2.336173 2.774487 13.11687
-2.947748 6.848828 0.06678328
-4.14152 6.376848 0.02246564
3.659602 -7.762114 0.05436759
4.840809 -4.512538 0.0842389
-4.332396 -1.524389 0.01973294
5.695434 4.406037 4.947122
6.125618 -2.79558 0.1517304
6.176858 0.0813006 0.2534369
-5.945606 -5.911332 0.01656612
8.675263 -0.066056 18.67448
1.189695 -4.443771 0.03806749
11.23643 -2.448882 6.287876
0.2893709 -5.814278 0.03214754
-2.670344 -8.542133 0.02177375
1.087067 6.517549 0.1150898
-0.2215918 3.888459 0.03934226
0.4484262 -4.431896 0.03383574
-6.431059 2.065253 0.01679458
1.146251 6.613798 1.61725
4.4231 -4.219718 0.07645325
-8.171923 2.49294 0.01466064
8.288991 1.621548 2.896959
-4.416755 -1.235957 0.01962474
3.452345 -10.04806 0.04865222
0.5930837 1.746726 11.21291
10.17305 -0.7357725 5.019355
1.435766 -4.419901 0.039717
-4.003187 -3.062102 0.02008614
9.839854 -0.139098 6.018127
-0.9650211 3.924322 0.03384875
4.768679 4.43812 0.5382576
-2.18081 7.338572 0.03700576
10.98289 -5.463206 1.23219
2.113347 -4.277838 0.045102
2.826683 5.63202 0.229759
-2.736915 -4.462296 0.02254108
2.62121 2.181829 0.07505401
-3.030593 6.829372 0.06244944
-6.765 -0.3584108 0.01606617
-0.683718 1.778852 5.256124
-4.211189 2.483878 0.0218207
2.043273 6.09821 0.1717535
-5.490209 -6.42602 0.01713327
2.921229 -1.733844 0.05988817
-2.87279 -4.348022 0.02224472
-1.710874 -4.688464 0.02523055
2.970264 -1.655635 0.06089853
1.195136 5.347034 0.07462665
10.35566 -1.556135 3.179046
7.336946 2.976108 4.150406
-2.436072 -0.5556882 0.02493022
-8.376904 -1.815846 0.01412367
3.022926 -1.564693 0.06204888
-7.701911 -3.874632 0.01466632
4.255721 -2.762809 0.08034154
1.167916 -9.552052 0.03402334
-2.370039 -7.015919 0.02280341
3.781605 -4.689188 0.06332577
4.117812 -7.621075 0.0601682
-2.092884 -4.45175 0.02420865
7.633687 -7.568514 0.1610618
-7.833805 2.222903 0.01501584
-0.3643247 3.115864 4.019688
-3.50653 -1.357581 0.0214929
2.836193 -9.629407 0.04411402
4.150153 2.878209 0.1686671
-3.458323 2.825481 0.02278486
-0.09683003 -9.926788 0.02857468
10.4885 -2.51877 2.160977
-1.786562 5.794005 0.03194754
6.122971 -2.801144 0.151466
10.35198 -3.036038 1.558586
-0.5309935 -5.196035 0.02902715
-2.163534 -3.300601 0.02436714
-2.489787 7.301983 0.03352756
9.892458 -4.604079 0.7168766
-6.744854 4.258926 0.01662462
-2.259782 0.973923 0.1045129
1.563906 5.179128 0.08449619
-7.182423 -4.018959 0.01522365
1.857213 -4.345221 0.04290213
-1.917651 -1.696839 0.02568034
8.773002 -7.385175 0.2543745
-8.560633 -0.2243575 0.01405188
-0.8619289 1.767512 4.418046
1.187466 6.601356 1.653313
-5.946543 3.116918 0.017674
4.329997 2.581373 0.1716631
-3.135657 1.936984 0.03190297
-3.033825 3.626717 0.0574897
-2.161886 -1.309716 0.02509103
3.116028 -1.381494 0.06428737
1.762439 2.873645 11.42268
7.411291 -7.872933 0.1452528
5.820748 2.700275 13.83401
5.355416 3.690904 0.5568304
8.180744 1.81888 3.075665
-2.389319 -4.727087 0.0233391
-1.911145 -9.372588 0.02335587
-2.747291 3.387995 0.0251532
-1.040037 6.948484 0.04758112
4.628149 -9.279578 0.06302133
8.921696 0.5576577 13.05075
9.665961 -7.522905 0.3973442
-3.528334 1.194139 0.02303022
-0.3450925 -4.281066 0.0302412
10.36469 -3.47336 1.348809
-0.1015604 -5.742024 0.03047477
2.347295 2.516031 0.07110856
-3.024817 -2.322825 0.02238503
4.58661 -4.724818 0.07748899
7.351169 2.960232 4.136382
2.491754 -2.245711 0.05273107
-1.987683 4.081722 0.3096936
4.600486 -9.28785 0.06262595
7.480585 -7.820043 0.1493676
-3.730213 0.2624476 0.02145083
-1.219251 -2.384676 0.0277692
-4.349744 -7.363201 0.01876425
0.9101097 2.99967 8.567147
6.063238 -1.411106 0.1795066
3.397798 -5.429472 0.0561643
-2.454002 0.3957051 0.03455694
-4.197249 -1.893118 0.01992563
0.2018476 -10.64164 0.07210497
-6.753261 -0.5433531 0.01606223
-3.125109 3.567714 0.05064855
-2.407759 3.74035 0.1545483
-5.130603 -4.667767 0.01787524
1.202911 -4.442848 0.03815259
1.943049 -4.324558 0.04361486
-8.075961 -1.186816 0.01447437
-0.7036717 -2.68712 0.02962409
8.726121 0.5372688 2.019293
8.902878 -6.428615 0.3052784
-8.158397 -0.1132076 0.01446898
-2.410645 5.691421 0.02827727
-7.127663 -3.955701 0.01529136
8.227849 -7.171363 0.2091552
7.537027 1.300994 16.36689
-6.551945 -1.764888 0.0161967
8.914784 -0.4005779 1.430523
-1.643579 -5.182314 0.02526659
-2.023483 -3.416761 0.02473186
-8.314504 2.001788 0.01446774
-1.241201 -10.27751 0.1263513
9.825762 -0.1785717 9.765653
-4.753033 1.337681 0.01952265
0.2299837 6.770448 0.07928004
3.103319 4.120576 0.136326
-1.786486 1.509004 0.8153306
8.678503 -8.493169 0.2335034
9.599892 -5.410738 0.5103804
-7.540758 -4.211879 0.01481254
-0.7866928 4.043469 1.733035
-4.92103 0.5122875 0.01900932
-4.948858 0.08791557 0.01888104
0.7159809 3.641335 0.04860061
2.375753 1.553416 17.91912
-1.102798 1.740188 3.321557
-2.1092 6.920094 0.03384662
1.753673 -4.367641 0.04207298
-2.550635 -8.602684 0.02202586
4.086909 4.58331 0.3262307
5.106784 -9.017864 0.07092542
-0.8226625 3.117424 2.564995
-8.137993 0.5678043 0.01454282
-2.948401 3.678712 0.06511977
11.38666 -4.025672 2.710619
5.029907 -0.8181865 0.126236
-1.432977 1.668129 1.952876
11.36137 -2.911964 4.933475
5.299682 3.769862 0.556735
-0.6203143 3.924953 0.03621849
7.996983 -8.089966 0.1746708
3.042863 -5.06249 0.05282809
3.167597 -1.26351 0.06567313
-3.607303 0.9526191 0.02231748
-1.137671 1.734778 3.168071
9.923164 -4.532125 0.7430468
0.07218719 -4.378437 0.03202969
10.90381 -2.798169 2.793352
-2.310396 0.8688581 0.07835047
1.701739 -9.578869 0.03678201
-3.397007 -3.250168 0.02130463
-1.260502 7.019043 0.29212
-5.889261 3.21205 0.0177812
2.003276 6.324381 2.429366
-7.922411 -1.635546 0.01460183
10.57659 -1.249381 6.016173
-4.210135 -2.724601 0.01974835
-6.666909 1.16734 0.01636003
2.011888 6.114454 0.1696194
2.548645 6.25839 0.3022925
-6.748271 0.5657902 0.01618536
2.500509 -2.23752 0.05285451
3.171177 -1.254757 0.06577417
8.011391 -9.007779 0.1757643
-4.798966 1.174774 0.01938601
6.384186 -2.14979 0.184749
-4.630688 -5.261568 0.01859543
-0.1080202 -2.895628 0.03214962
2.349881 2.51318 0.07114694
-6.757204 0.4527225 0.0161615
11.34388 -4.299559 2.334445
6.37699 0.7518049 22.83716
-3.662617 0.7306857 0.02191191
-6.349929 -2.431871 0.01639204
-4.896659 0.6990304 0.01909117
-3.71144 0.4449875 0.021586
-2.06317 -1.481998 0.02531503
-0.3856242 3.116608 3.947687
-2.623098 3.460014 0.02561523
3.148986 1.222874 0.08058405
-4.408857 -2.343899 0.01944263
4.075691 2.991011 0.1670733
-4.126387 1.897615 0.02088138
-2.26654 -1.091131 0.02489231
-2.055106 -8.74205 0.02315387
-0.663326 -9.232833 0.02691913
0.5699812 3.041249 7.351199
4.734681 -3.925985 0.08503118
9.405851 -5.537691 0.4497684
3.156697 -1.289671 0.06536967
-0.9951533 7.357097 0.05907087
-0.085091 -2.901037 0.0322563
-6.663686 -5.655843 0.01568753
-4.617459 -7.143602 0.01835693
1.936278 6.152865 0.1645496
-0.1708487 -2.879853 0.03186119
-1.72827 5.799986 0.03234472
-3.601392 0.9730898 0.02236469
6.688467 1.642002 17.4798
8.948028 -1.382393 0.9758599
0.932533 5.449952 0.0683366
0.428373 -5.833622 0.03278614
0.8217944 5.489376 0.06586552
-1.480782 -2.1749 0.02693041
-2.158664 3.676538 0.02749996
-1.513057 -7.4194 0.02493991
-2.895522 2.230914 0.04703155
1.052636 3.4926 0.05264903
-3.316 -8.085158 0.02052184
9.973232 -0.8266182 13.81546
-3.699408 -0.5840794 0.02124866
7.131644 3.195978 4.338429
-6.466271 -2.075131 0.01627626
-4.612985 1.731764 0.01996458
0.0823048 -2.934985 0.03305884
10.13992 -0.7535991 4.59878
8.413914 -7.73224 0.2115821
-6.445486 2.023047 0.01676868
-8.029489 -0.9434987 0.01454137
2.191256 3.618733 9.709173
-3.587525 -8.010378 0.02001331
-2.246 -4.345018 0.0238229
-7.08404 -4.209916 0.01532001
-2.182051 4.024363 0.2257496
-4.276898 -1.686306 0.01980977
10.4888 -2.188114 2.53824
-3.850115 -2.592286 0.02048307
3.797976 3.370808 0.1597736
-8.248409 -2.357279 0.01421406
0.7462437 6.631393 0.09921592
2.517347 -5.72265 0.0464931
-7.998552 1.574405 0.01477482
10.85759 -2.185142 3.807631
-0.9350343 -2.567327 0.02875723
-3.897108 -3.217775 0.02026634
-4.058422 6.490564 0.03133393
1.630001 -5.863499 0.03952864
-2.573322 -4.091106 0.02304064
3.499454 -5.384494 0.05753302
-8.151746 -0.3592951 0.01445734
1.809827 -4.355818 0.04251862
5.073936 -0.3240187 0.1377411
-0.874388 -9.172812 0.0262758
0.9718127 4.025397 5.911979
0.9059053 -5.875002 0.0351803
5.635518 2.312905 0.3541248
-1.925499 1.405607 0.5054797
-5.220711 -7.277001 0.01742171
-6.359966 -6.055457 0.01602092
1.793035 -2.717028 0.04470148
7.607391 1.269676 16.24398
10.09127 -4.380849 0.8567762
-0.8712067 -9.26306 0.02625586
-6.367381 -5.364739 0.01607655
-4.791127 4.502591 0.02007871
6.184989 -0.3129327 0.2331168
-3.622029 6.657273 0.04047497
3.428653 5.676064 0.4069125
-2.406873 2.649626 0.1406288
-2.816003 6.877504 0.07448434
9.852706 -4.932542 0.6493211
4.220076 -4.385871 0.07174749
8.572453 1.240874 10.21677
3.211041 1.049068 0.0807508
5.73682 -9.425159 0.08099071
-4.143854 -2.838205 0.0198545
2.11207 -9.579264 0.03919342
1.597396 -4.396409 0.04088076
4.605234 -2.187351 0.09359939
-7.87708 2.074384 0.0149534
0.1968643 -7.911387 0.03059507
-7.21222 -4.816557 0.01512502
1.883057 -9.581219 0.03781348
-2.210866 1.061307 0.1367693
-1.13266 -9.653636 0.02535711
1.390824 -2.868029 0.04121701
-5.371567 5.653944 0.01918445
9.276162 -5.925784 0.393635
10.23429 -5.358372 0.7380483
2.834132 -3.987564 0.05273243
0.4515425 -5.401666 0.03317845
-5.174882 -6.745275 0.01755086
0.749992 4.063779 5.293492
1.106266 3.834818 6.717615
0.1490267 -10.63188 0.07311052
-3.072394 -3.623078 0.021951
3.328416 5.265036 0.2696163
-2.054388 -1.496138 0.02533606
0.7120274 -9.505668 0.0319522
-4.480047 2.023834 0.02045131
-1.491974 3.864135 0.03073234
7.898352 2.266843 3.493666
8.260478 -4.005539 0.3302783
-0.8334811 6.998472 0.4178725
11.4168 -3.621339 3.375316
2.323897 2.541604 0.07076069
-5.996011 3.031213 0.01758215
-1.933171 2.902392 0.4195356
-2.49131 -0.006741701 0.02706668
6.633523 -1.026174 0.2537716
10.3865 -1.787005 2.850781
8.520547 -3.408597 0.4249331
2.740715 2.011268 0.07664797
-4.938745 0.3135217 0.0189398
3.936122 2.443583 16.57953
1.023307 6.649964 1.511974
-2.490787 -0.08174406 0.02648925
1.425126 -9.568676 0.03530364
6.635809 -1.00688 0.255085
9.145593 0.4024315 12.32814
-3.303013 -1.838726 0.02184435
2.214467 2.655969 0.06912315
10.91754 -1.808881 8.704024
1.241509 3.393442 0.05508875
3.394546 5.212125 0.2748555
-6.548445 1.686037 0.01658251
-0.175881 1.784154 7.677237
-1.383986 -9.09703 0.02481018
5.461251 2.681949 0.3630396
1.813654 5.048939 0.0918585
5.70472 -2.501994 0.1333966
-3.721591 0.3577137 0.02151569
3.946201 -4.583461 0.06624669
-3.789104 3.009222 0.02628073
-0.5968242 1.782267 5.669168
6.162478 4.060374 4.879133
-2.328151 7.322805 0.03526007
10.29052 -1.047509 4.355377
11.13568 -2.202251 7.138751
5.055476 0.3251534 0.1516916
-2.280262 -4.80271 0.02360189
-3.872741 5.140359 0.02252535
3.17561 1.151477 0.08068106
-1.241362 3.901895 0.03214433
-3.740458 0.04753878 0.02134239
8.399331 -6.851289 0.2324695
-1.271896 -3.9093 0.02691537
5.739639 -2.423548 0.1364418
-6.982362 4.73064 0.0163511
3.97406 5.443696 4.277161
3.206608 -1.163391 0.06681408
2.302807 -9.573422 0.04041387
1.891094 3.842518 8.417022
-1.006704 -10.35081 0.1122569
-6.967907 -4.422939 0.01543615
-7.595163 -2.844146 0.01485964
-6.424975 5.357568 0.01726603
-3.740577 -0.08351812 0.02129794
-0.583543 4.039317 2.145723
-4.071208 2.00147 0.02103098
3.557331 5.076968 0.2876151
10.50276 -4.759268 1.010289
-7.631769 2.586136 0.01528398
-2.403026 -0.6956815 0.02482341
0.3499478 3.064772 6.55472
-0.5437786 1.783764 5.922116
-4.584412 1.799694 0.02006231
3.011603 1.538623 0.07965719
3.35689 -0.5839514 0.07273503
3.580062 -4.806643 0.06007765
8.913913 -1.804505 0.8238132
4.609714 -4.049981 0.08136483
3.846354 3.352513 12.47945
